478.0000 583.1370
478.1557 583.1349
478.5836 583.1285
478.6083 583.1281
478.7445 583.1256
478.8552 583.1327
479.0727 583.1347
479.5665 583.1094
479.5912 583.1090
479.6159 583.1086
480.1097 583.1017
480.3431 583.0981
480.7447 583.0925
480.7694 583.0921
480.8335 583.0910
481.1211 583.0860
481.2577 583.0837
481.7515 583.0773
482.1335 583.0723
482.2677 583.0700
482.3483 583.0684
482.4991 583.0652
482.9210 583.0575
483.3161 583.0494
483.7613 583.0395
483.7860 583.0390
483.9402 583.0362
484.4340 583.0271
484.4587 583.0266
484.8188 583.0205
484.8435 583.0201
485.2989 583.0132
485.4660 583.0109
485.9598 583.0044
486.1584 583.0018
486.5703 582.9975
486.5949 582.9972
486.7429 582.9955
487.0762 582.9918
487.1008 582.9915
487.3529 582.9883
487.4204 582.9875
487.5570 582.9857
487.8534 582.9820
488.3472 582.9752
488.3719 582.9749
488.5377 582.9728
488.6451 582.9714
488.7801 582.9696
489.1083 582.9641
489.5451 582.9569
489.8124 582.9530
489.8370 582.9526
489.9015 582.9517
490.3459 582.9451
490.5652 582.9420
490.8981 582.9379
491.3825 582.9321
491.8019 582.9267
491.8266 582.9264
492.2831 582.9197
492.4012 582.9178
492.7938 582.9119
492.8881 582.9105
493.2153 582.9055
493.2400 582.9052
493.7338 582.8985
493.7585 582.8982
493.7832 582.8979
493.8078 582.8975
494.0426 582.8945
494.5035 582.8888
494.7500 582.8858
495.0620 582.8830
495.0866 582.8828
495.2464 582.8810
495.6171 582.8770
496.1109 582.8720
496.2152 582.8706
496.2399 582.8702
496.2645 582.8699
496.6343 582.8639
497.1281 582.8569
497.6219 582.8511
498.1157 582.8449
498.4383 582.8412
498.9321 582.8361
499.3572 582.8313
499.7021 582.8294
500.1879 582.8297
500.2126 582.8298
500.2646 582.8303
500.5178 582.8364
500.6569 582.8398
500.7279 582.8416
501.2217 582.8320
501.3679 582.8292
501.7954 582.8244
501.8201 582.8242
502.2757 582.8187
502.3815 582.8170
502.4062 582.8166
502.5005 582.8151
502.6815 582.8134
503.1753 582.8083
503.5239 582.8051
503.6400 582.8046
503.9329 582.8027
504.1169 582.8013
504.3467 582.7993
504.7988 582.7943
505.2166 582.7906
505.2413 582.7904
505.7350 582.7876
506.2284 582.7849
506.4491 582.7834
506.4747 582.7833
506.6696 582.7815
506.9683 582.7793
506.9930 582.7791
507.1384 582.7782
507.3867 582.7765
507.7855 582.7743
508.2700 582.7706
508.7638 582.7672
509.2576 582.7654
509.2890 582.7652
509.3137 582.7650
509.8075 582.7617
509.8322 582.7615
509.8764 582.7612
510.3702 582.7565
510.3949 582.7563
510.8270 582.7525
511.3208 582.7484
511.3455 582.7481
511.7992 582.7433
511.8239 582.7430
511.9085 582.7419
512.1488 582.7392
512.3215 582.7375
512.6543 582.7342
512.9403 582.7317
513.4012 582.7288
513.4259 582.7286
513.5508 582.7276
514.0446 582.7228
514.4049 582.7192
514.7148 582.7166
514.9588 582.7148
515.4526 582.7113
515.9464 582.7084
515.9711 582.7083
516.2780 582.7069
516.7718 582.7044
517.1247 582.7015
517.1494 582.7013
517.2056 582.7008
517.3394 582.6998
517.5236 582.6986
518.0174 582.6945
518.5111 582.6897
518.8762 582.6884
519.3521 582.6853
519.8459 582.6804
519.9663 582.6790
520.0432 582.6782
520.3247 582.6760
520.7049 582.6737
520.7296 582.6735
521.1703 582.6691
521.3646 582.6679
521.4645 582.6673
521.9583 582.6628
522.2328 582.6624
522.3974 582.6619
522.5641 582.6614
522.7249 582.6611
523.2187 582.6616
523.2434 582.6616
523.3722 582.6610
523.3969 582.6608
523.8825 582.6577
523.9072 582.6576
523.9496 582.6573
523.9743 582.6571
524.4681 582.6542
524.6991 582.6539
524.8874 582.6545
524.9884 582.6550
525.4424 582.6652
525.4671 582.6658
525.5499 582.6666
525.9456 582.6618
525.9703 582.6612
526.2209 582.6586
526.3503 582.6579
526.8441 582.6564
527.3378 582.6552
527.5884 582.6544
527.9197 582.6533
528.1026 582.6528
528.5964 582.6505
528.7952 582.6489
528.8199 582.6487
528.9207 582.6482
529.0554 582.6473
529.0801 582.6471
529.3962 582.6447
529.8900 582.6414
530.0096 582.6398
530.0343 582.6396
530.0995 582.6389
530.4274 582.6365
530.6426 582.6351
530.6673 582.6349
531.0530 582.6330
531.4438 582.6326
531.4685 582.6326
531.7561 582.6315
532.1895 582.6299
532.5760 582.6284
532.7188 582.6279
533.1904 582.6261
533.2151 582.6260
533.2398 582.6259
533.7335 582.6232
534.0074 582.6220
534.4228 582.6210
534.4489 582.6210
534.9427 582.6200
535.0439 582.6197
535.4548 582.6187
535.4795 582.6186
535.5042 582.6186
535.5289 582.6185
535.7063 582.6182
536.0640 582.6184
536.5578 582.6167
537.0512 582.6153
537.4463 582.6140
537.8383 582.6123
538.0215 582.6111
538.1208 582.6104
538.3478 582.6090
538.7275 582.6067
538.8274 582.6063
539.3212 582.6040
539.8150 582.6015
540.2546 582.5984
540.6300 582.5958
540.6614 582.5956
540.6861 582.5955
540.7337 582.5952
540.7584 582.5951
541.1954 582.5927
541.6891 582.5893
542.0083 582.5874
542.1536 582.5866
542.1783 582.5865
542.2900 582.5858
542.7099 582.5835
542.9495 582.5824
543.4433 582.5805
543.4762 582.5804
543.5008 582.5803
543.7830 582.5799
543.8077 582.5799
544.1850 582.5781
544.4688 582.5768
544.9626 582.5751
544.9873 582.5750
545.3463 582.5730
545.7647 582.5699
545.7894 582.5698
546.2832 582.5674
546.7770 582.5655
547.0731 582.5654
547.5669 582.5631
547.8613 582.5601
547.8860 582.5599
548.2739 582.5565
548.3947 582.5556
548.5581 582.5547
548.9246 582.5547
549.3661 582.5554
549.3908 582.5555
549.8846 582.5558
550.3027 582.5563
550.4906 582.5562
550.9757 582.5569
551.0004 582.5570
551.2606 582.5570
551.7242 582.5581
551.8820 582.5574
552.0677 582.5564
552.0973 582.5563
552.4151 582.5549
552.5898 582.5542
552.7890 582.5534
553.2828 582.5518
553.6539 582.5496
553.7614 582.5487
554.1257 582.5468
554.1503 582.5468
554.1750 582.5467
554.2685 582.5464
554.2932 582.5462
554.4284 582.5454
554.8846 582.5422
555.2134 582.5404
555.2380 582.5403
555.4025 582.5398
555.8963 582.5371
555.9551 582.5368
555.9798 582.5367
556.0045 582.5366
556.0292 582.5365
556.4472 582.5350
556.5388 582.5346
556.8430 582.5336
557.0424 582.5334
557.1734 582.5330
557.6672 582.5315
557.6919 582.5314
557.7166 582.5313
557.8855 582.5309
558.3599 582.5297
558.8537 582.5281
558.8784 582.5280
559.2636 582.5271
559.3073 582.5270
559.4801 582.5263
559.5048 582.5262
559.6535 582.5254
559.6800 582.5253
559.7347 582.5250
560.2285 582.5216
560.7223 582.5188
561.1000 582.5165
561.1247 582.5163
561.1494 582.5161
561.4680 582.5140
561.4927 582.5138
561.7154 582.5124
561.7721 582.5121
562.1095 582.5110
562.1342 582.5109
562.3350 582.5099
562.3597 582.5097
562.6230 582.5087
562.8114 582.5082
562.8360 582.5082
563.0332 582.5078
563.3043 582.5070
563.3290 582.5069
563.7748 582.5062
563.8507 582.5061
563.8754 582.5060
564.0278 582.5057
564.0525 582.5057
564.1210 582.5057
564.1457 582.5058
564.5928 582.5038
564.6175 582.5037
564.8300 582.5026
565.0034 582.5021
565.3806 582.5012
565.4053 582.5011
565.7497 582.5002
566.2187 582.4994
566.4049 582.4991
566.5436 582.4987
566.8996 582.4978
567.1180 582.4973
567.6118 582.4955
567.8897 582.4940
567.9144 582.4939
568.3312 582.4926
568.7427 582.4916
568.7674 582.4916
568.8510 582.4916
569.2965 582.4906
569.3212 582.4905
569.4247 582.4900
569.7253 582.4892
569.7500 582.4892
570.0537 582.4884
570.2860 582.4881
570.7798 582.4865
571.1333 582.4835
571.2256 582.4827
571.6891 582.4801
571.8123 582.4795
572.3061 582.4785
572.3308 582.4784
572.8245 582.4766
573.1727 582.4753
573.5688 582.4736
573.7114 582.4731
574.1402 582.4715
574.3677 582.4713
574.6923 582.4713
574.7749 582.4713
575.2069 582.4706
575.4350 582.4706
575.8751 582.4695
576.3010 582.4667
576.3257 582.4665
576.3504 582.4664
576.3751 582.4662
576.3998 582.4661
576.4245 582.4660
576.4633 582.4657
576.6919 582.4645
576.7560 582.4642
577.2399 582.4622
577.5664 582.4599
578.0602 582.4574
578.4159 582.4566
578.8215 582.4547
579.2091 582.4525
579.2337 582.4524
579.3057 582.4521
579.5310 582.4512
579.7355 582.4512
580.1884 582.4500
580.3626 582.4489
580.3873 582.4487
580.7193 582.4466
581.0306 582.4438
581.5244 582.4407
582.0182 582.4367
582.4104 582.4328
582.9042 582.4308
583.0901 582.4299
583.1148 582.4298
583.6086 582.4272
583.8871 582.4259
584.3809 582.4235
584.8747 582.4228
585.3309 582.4232
585.4925 582.4231
585.9565 582.4219
586.1061 582.4215
586.4198 582.4209
586.6508 582.4203
586.9779 582.4182
587.4717 582.4147
587.6830 582.4136
587.8309 582.4129
588.3247 582.4104
588.4053 582.4099
588.6435 582.4086
588.6682 582.4084
588.9942 582.4076
589.3682 582.4061
589.7557 582.4043
590.0016 582.4032
590.3995 582.4016
590.5254 582.4014
590.5501 582.4013
590.6594 582.4011
591.1043 582.4003
591.5981 582.4001
592.0721 582.4015
592.1814 582.4016
592.5144 582.4004
592.5391 582.4003
592.9342 582.3986
593.2831 582.3970
593.3078 582.3969
593.4779 582.3963
593.9717 582.3942
593.9964 582.3941
594.0812 582.3936
594.1059 582.3934
594.1306 582.3933
594.1553 582.3931
594.4934 582.3919
594.5181 582.3918
594.7893 582.3903
595.1918 582.3892
595.3593 582.3888
595.7612 582.3874
595.9558 582.3866
596.1316 582.3861
596.4629 582.3856
596.9517 582.3844
597.1140 582.3843
597.6078 582.3857
597.6325 582.3858
597.6572 582.3859
597.9597 582.3882
597.9844 582.3885
598.0091 582.3886
598.2160 582.3896
598.4911 582.3899
598.6345 582.3904
598.7924 582.3907
599.1515 582.3878
599.2805 582.3859
599.5567 582.3812
599.7001 582.3796
599.8274 582.3788
600.3211 582.3775
600.8149 582.3754
601.1064 582.3749
601.5499 582.3741
602.0436 582.3742
602.0683 582.3742
602.0930 582.3742
602.5868 582.3745
602.8448 582.3743
602.8695 582.3742
603.2868 582.3723
603.7144 582.3704
604.2082 582.3681
604.4014 582.3678
604.5967 582.3672
604.6214 582.3671
604.6461 582.3669
604.7178 582.3666
605.2116 582.3653
605.2363 582.3652
605.5405 582.3640
605.5652 582.3638
606.0590 582.3618
606.5528 582.3594
606.5868 582.3592
606.6115 582.3590
607.0971 582.3561
607.5909 582.3550
608.0632 582.3537
608.3167 582.3537
608.6407 582.3533
609.0031 582.3517
609.1438 582.3509
609.6376 582.3486
609.6623 582.3484
609.7269 582.3480
609.9810 582.3473
610.2481 582.3469
610.2727 582.3468
610.2974 582.3467
610.3631 582.3465
610.5190 582.3460
610.7601 582.3447
610.7848 582.3446
610.8572 582.3444
610.9868 582.3439
611.0115 582.3439
611.5040 582.3428
611.8780 582.3413
612.0386 582.3403
612.5324 582.3385
613.0262 582.3370
613.2389 582.3370
613.7327 582.3356
613.9254 582.3346
614.0547 582.3340
614.0917 582.3339
614.5855 582.3316
615.0793 582.3293
615.5731 582.3271
615.7860 582.3263
616.2798 582.3272
616.5007 582.3276
616.7998 582.3277
617.0386 582.3277
617.1777 582.3275
617.4934 582.3273
617.8043 582.3274
617.8290 582.3274
618.1136 582.3282
618.6074 582.3277
618.9768 582.3273
619.4706 582.3264
619.7888 582.3254
619.9407 582.3247
620.1366 582.3236
620.1613 582.3235
620.2164 582.3232
620.6694 582.3214
621.0573 582.3205
621.2607 582.3195
621.7544 582.3191
622.2482 582.3185
622.4883 582.3186
622.7009 582.3180
623.1133 582.3166
623.2288 582.3164
623.7226 582.3153
624.0288 582.3155
624.3982 582.3158
624.4229 582.3158
624.7080 582.3152
625.0363 582.3151
625.0609 582.3151
625.0856 582.3151
625.1103 582.3151
625.5381 582.3150
625.9618 582.3138
625.9865 582.3138
626.2637 582.3133
626.2884 582.3132
626.5405 582.3125
626.8858 582.3108
626.9105 582.3108
627.4043 582.3095
627.6343 582.3083
627.6590 582.3082
628.1528 582.3052
628.6466 582.3021
628.9883 582.2999
629.1867 582.2995
629.6793 582.2976
630.1448 582.2958
630.1695 582.2957
630.1942 582.2955
630.2189 582.2954
630.3374 582.2949
630.8312 582.2924
630.8559 582.2922
630.9932 582.2913
631.4064 582.2896
631.4311 582.2895
631.9248 582.2880
631.9495 582.2879
632.1678 582.2877
632.3561 582.2873
632.6368 582.2858
633.0525 582.2845
633.0772 582.2844
633.5710 582.2829
633.8093 582.2818
634.0997 582.2808
634.1244 582.2807
634.3591 582.2799
634.6916 582.2794
634.9651 582.2785
635.3291 582.2758
635.3538 582.2756
635.3784 582.2754
635.6023 582.2736
635.6269 582.2734
635.8465 582.2719
636.1828 582.2699
636.2074 582.2699
636.2321 582.2698
636.2568 582.2697
636.2880 582.2695
636.4792 582.2687
636.6557 582.2678
637.1495 582.2659
637.3597 582.2647
637.7886 582.2617
637.9696 582.2596
637.9943 582.2594
638.4155 582.2548
638.4808 582.2541
638.5055 582.2538
638.8700 582.2496
639.2639 582.2447
639.6237 582.2418
639.6858 582.2412
639.9376 582.2388
639.9900 582.2384
640.2649 582.2369
640.3991 582.2357
640.8155 582.2320
641.0136 582.2304
641.1415 582.2293
641.4381 582.2263
641.4628 582.2260
641.6556 582.2243
641.6802 582.2241
641.7954 582.2232
642.2892 582.2191
642.5932 582.2170
642.7299 582.2160
643.0734 582.2146
643.3915 582.2136
643.5380 582.2130
643.5627 582.2130
644.0565 582.2112
644.3157 582.2093
644.8095 582.2065
645.0448 582.2056
645.5386 582.2020
645.9323 582.1993
646.1774 582.1973
646.2020 582.1971
646.2666 582.1966
646.4269 582.1951
646.9164 582.1911
647.3885 582.1877
647.7032 582.1859
647.9313 582.1845
648.3052 582.1827
648.4178 582.1821
648.9116 582.1793
648.9801 582.1790
649.0048 582.1789
649.2201 582.1773
649.2448 582.1771
649.5683 582.1746
650.0621 582.1705
650.0868 582.1702
650.1115 582.1699
650.2981 582.1682
650.5239 582.1667
651.0177 582.1653
651.3436 582.1640
651.6960 582.1625
651.7510 582.1622
651.9939 582.1611
652.4877 582.1601
652.9067 582.1587
653.0892 582.1579
653.2571 582.1572
653.7509 582.1539
654.0919 582.1529
654.1851 582.1524
654.3252 582.1516
654.6137 582.1497
655.1075 582.1456
655.2858 582.1442
655.5727 582.1428
656.0665 582.1412
656.5603 582.1405
656.6904 582.1403
656.7151 582.1403
657.2089 582.1390
657.4495 582.1389
657.6686 582.1392
657.6933 582.1393
657.7180 582.1393
657.7474 582.1394
658.2412 582.1423
658.3662 582.1427
658.4021 582.1428
658.5618 582.1432
658.9816 582.1448
659.0368 582.1450
659.0615 582.1451
659.1291 582.1454
659.6229 582.1462
660.1166 582.1451
660.6104 582.1439
660.9728 582.1422
661.2640 582.1408
661.2886 582.1408
661.7109 582.1403
661.7688 582.1402
662.1326 582.1384
662.1572 582.1383
662.3748 582.1376
662.8686 582.1355
663.0392 582.1341
663.3866 582.1324
663.6168 582.1315
663.7597 582.1308
664.0696 582.1285
664.1925 582.1276
664.5806 582.1254
664.6546 582.1250
664.7025 582.1248
664.8430 582.1240
665.3308 582.1219
665.6981 582.1202
666.1703 582.1182
666.6641 582.1166
666.8222 582.1162
666.9338 582.1159
667.3916 582.1133
667.5931 582.1124
667.9858 582.1112
668.4146 582.1098
668.8658 582.1070
669.0821 582.1060
669.5759 582.1034
669.7885 582.1025
669.8131 582.1024
669.9044 582.1021
670.3464 582.1006
670.8402 582.1001
670.9991 582.1002
671.4929 582.0993
671.7748 582.0991
671.8913 582.0990
672.3850 582.0982
672.5454 582.0972
672.5701 582.0970
672.5948 582.0968
673.0240 582.0937
673.4050 582.0925
673.4297 582.0924
673.4543 582.0923
673.4790 582.0923
673.5194 582.0921
673.6238 582.0919
674.0966 582.0911
674.3039 582.0906
674.7977 582.0885
674.8787 582.0884
674.9034 582.0884
675.0866 582.0887
675.3784 582.0893
675.6658 582.0890
675.9538 582.0881
676.3069 582.0873
676.6966 582.0857
676.8616 582.0851
676.8863 582.0851
677.1565 582.0839
677.6503 582.0821
678.1441 582.0809
678.3554 582.0804
678.3801 582.0804
678.4048 582.0804
678.4774 582.0802
678.5021 582.0802
678.6661 582.0789
678.6907 582.0788
679.0416 582.0758
679.5354 582.0726
680.0292 582.0703
680.3127 582.0679
680.6539 582.0656
680.8435 582.0654
680.8682 582.0654
680.8929 582.0653
680.9725 582.0653
681.2771 582.0651
681.3017 582.0651
681.4526 582.0649
681.7472 582.0642
682.0953 582.0639
682.4939 582.0646
682.9877 582.0646
683.0905 582.0640
683.4746 582.0609
683.4993 582.0607
683.9779 582.0569
684.0980 582.0564
684.5353 582.0538
685.0291 582.0519
685.0713 582.0520
685.2346 582.0525
685.7284 582.0522
686.2222 582.0542
686.5777 582.0547
686.7213 582.0547
686.7739 582.0547
686.7986 582.0547
686.8426 582.0548
687.1587 582.0548
687.4762 582.0540
687.9700 582.0532
688.2289 582.0523
688.6068 582.0506
688.6827 582.0505
688.9695 582.0508
688.9942 582.0509
689.4191 582.0515
689.4438 582.0516
689.7217 582.0519
690.2154 582.0488
690.5593 582.0478
690.9525 582.0453
691.0798 582.0445
691.1044 582.0444
691.2323 582.0439
691.5769 582.0447
691.6016 582.0447
691.6461 582.0449
692.1399 582.0438
692.3597 582.0420
692.6242 582.0398
692.6489 582.0396
692.8842 582.0386
693.3655 582.0389
693.3902 582.0391
693.5393 582.0401
693.7087 582.0416
694.0501 582.0464
694.5439 582.0509
695.0377 582.0471
695.4135 582.0436
695.9073 582.0407
696.0025 582.0402
696.1862 582.0385
696.2109 582.0383
696.7047 582.0358
696.7294 582.0357
697.0913 582.0352
697.2438 582.0350
697.6017 582.0355
697.6264 582.0354
697.6510 582.0354
697.9728 582.0341
698.4666 582.0294
698.8334 582.0295
699.2368 582.0277
699.3036 582.0271
699.6329 582.0245
699.7268 582.0239
699.8059 582.0234
699.8306 582.0232
699.9915 582.0223
700.4511 582.0194
700.9448 582.0153
701.2596 582.0140
701.4673 582.0143
701.4920 582.0143
701.9380 582.0146
702.3312 582.0150
702.3616 582.0150
702.8183 582.0146
703.3121 582.0139
703.4371 582.0134
703.6784 582.0132
704.1722 582.0141
704.3535 582.0140
704.7406 582.0118
704.8888 582.0106
705.1352 582.0092
705.1599 582.0091
705.1846 582.0090
705.4190 582.0078
705.4844 582.0074
705.5091 582.0073
705.9064 582.0060
706.0349 582.0056
706.4673 582.0050
706.4920 582.0050
706.5167 582.0050
707.0104 582.0049
707.1562 582.0050
707.3878 582.0055
707.4688 582.0058
707.6256 582.0064
708.1194 582.0079
708.6131 582.0097
708.6833 582.0099
709.0472 582.0102
709.1976 582.0103
709.3761 582.0101
709.5032 582.0098
709.6224 582.0093
710.1162 582.0094
710.3239 582.0097
710.7605 582.0083
711.0582 582.0075
711.4626 582.0064
711.7347 582.0058
711.8843 582.0055
712.1056 582.0048
712.5994 582.0036
712.8873 582.0039
712.9746 582.0040
713.1446 582.0035
713.6384 582.0022
713.6631 582.0021
713.8724 582.0020
713.9256 582.0020
713.9503 582.0020
714.3588 582.0017
714.7606 582.0021
715.1950 582.0020
715.6473 582.0021
715.7738 582.0022
716.1060 582.0025
716.1307 582.0026
716.1554 582.0026
716.3597 582.0033
716.8535 582.0035
716.8782 582.0034
717.0066 582.0029
717.5004 582.0026
717.9942 582.0032
718.4879 582.0053
718.9019 582.0068
719.0427 582.0073
719.4403 582.0085
719.5398 582.0087
720.0336 582.0091
720.3311 582.0088
720.3558 582.0087
720.6300 582.0085
721.0974 582.0101
721.5912 582.0102
721.6159 582.0102
721.6776 582.0104
722.0069 582.0112
722.4524 582.0132
722.7669 582.0138
722.9217 582.0139
723.4155 582.0146
723.4402 582.0146
723.9340 582.0162
724.1419 582.0167
724.1666 582.0168
724.3145 582.0171
724.8082 582.0181
725.2738 582.0200
725.2985 582.0201
725.7462 582.0206
726.0988 582.0203
726.5925 582.0204
727.0863 582.0203
727.1110 582.0204
727.6048 582.0222
727.6741 582.0225
727.7347 582.0227
727.7646 582.0227
728.0653 582.0223
728.2254 582.0223
728.5633 582.0214
728.6178 582.0212
729.1116 582.0203
729.4009 582.0199
729.4256 582.0198
729.7239 582.0197
729.9422 582.0197
730.4360 582.0210
730.5143 582.0214
730.9898 582.0241
731.3606 582.0260
731.8543 582.0274
732.0847 582.0280
732.5785 582.0285
732.7726 582.0285
733.2411 582.0262
733.2658 582.0261
733.3983 582.0263
733.6555 582.0265
734.0524 582.0273
734.0947 582.0275
734.2282 582.0278
734.2529 582.0279
734.7467 582.0292
734.8050 582.0292
735.0014 582.0294
735.0261 582.0294
735.0508 582.0295
735.3091 582.0299
735.3507 582.0301
735.6769 582.0305
736.1707 582.0308
736.3176 582.0310
736.8113 582.0307
737.3051 582.0310
737.7989 582.0310
738.1967 582.0313
738.4550 582.0316
738.9487 582.0305
739.3729 582.0328
739.5999 582.0344
739.7412 582.0352
739.9343 582.0359
740.1188 582.0364
740.1708 582.0365
740.4098 582.0377
740.8041 582.0407
741.0256 582.0417
741.0502 582.0419
741.1464 582.0424
741.5181 582.0444
741.9522 582.0444
742.3865 582.0436
742.4335 582.0435
742.5583 582.0431
742.5830 582.0430
742.7339 582.0426
742.7586 582.0425
742.7833 582.0425
743.2115 582.0430
743.2362 582.0430
743.4163 582.0438
743.8192 582.0461
744.0642 582.0473
744.3662 582.0490
744.6964 582.0489
745.1902 582.0481
745.2854 582.0477
745.6787 582.0464
745.7034 582.0464
746.1961 582.0466
746.6242 582.0472
747.1168 582.0494
747.2648 582.0498
747.4063 582.0499
747.8726 582.0507
748.2443 582.0519
748.7381 582.0537
749.1918 582.0554
749.6856 582.0576
750.1793 582.0555
750.2040 582.0553
750.2287 582.0552
750.3577 582.0545
750.3824 582.0544
750.5597 582.0535
751.0535 582.0522
751.5473 582.0530
751.6313 582.0527
752.1251 582.0514
752.5177 582.0525
752.7306 582.0532
753.1780 582.0560
753.6718 582.0585
753.8410 582.0586
754.0820 582.0585
754.3721 582.0587
754.5285 582.0586
754.8939 582.0590
755.2636 582.0587
755.7573 582.0590
756.0261 582.0591
756.0844 582.0591
756.3108 582.0593
756.5327 582.0603
756.6705 582.0614
757.1642 582.0620
757.3239 582.0616
757.5857 582.0605
757.6712 582.0601
757.9161 582.0601
758.0717 582.0601
758.3370 582.0591
758.6476 582.0575
758.8219 582.0573
759.1405 582.0584
759.6343 582.0611
760.1281 582.0641
760.5694 582.0671
760.5941 582.0674
761.0102 582.0708
761.5040 582.0723
761.5287 582.0720
761.8421 582.0686
762.3359 582.0666
762.3606 582.0665
762.3853 582.0664
762.8791 582.0636
762.9038 582.0634
763.0365 582.0624
763.3722 582.0599
763.5346 582.0586
763.7557 582.0580
764.0269 582.0579
764.1482 582.0583
764.3910 582.0595
764.4157 582.0596
764.4403 582.0598
764.9341 582.0615
764.9588 582.0616
765.0751 582.0623
765.5689 582.0651
765.5936 582.0652
765.8751 582.0676
766.3675 582.0710
766.8613 582.0718
767.0892 582.0722
767.2765 582.0732
767.3012 582.0733
767.6140 582.0745
767.6644 582.0747
767.7225 582.0749
768.0496 582.0759
768.2573 582.0766
768.3533 582.0776
768.3780 582.0778
768.6501 582.0796
768.6809 582.0797
768.7345 582.0799
769.0769 582.0792
769.5707 582.0817
769.7272 582.0830
770.0137 582.0843
770.1425 582.0846
770.3924 582.0848
770.4171 582.0848
770.4421 582.0848
770.5927 582.0846
771.0865 582.0837
771.1431 582.0834
771.2741 582.0830
771.7679 582.0825
771.7925 582.0823
772.1845 582.0794
772.2286 582.0791
772.4608 582.0793
772.7615 582.0788
773.1689 582.0782
773.3710 582.0774
773.4530 582.0771
773.6456 582.0772
774.1394 582.0778
774.6332 582.0799
774.9604 582.0824
775.4542 582.0864
775.4963 582.0868
775.8140 582.0889
776.3078 582.0906
776.5760 582.0896
776.7281 582.0891
776.7528 582.0890
777.2466 582.0879
777.5458 582.0868
777.9856 582.0848
778.4794 582.0833
778.6859 582.0813
778.7307 582.0809
778.9588 582.0796
778.9835 582.0795
779.0081 582.0794
779.2931 582.0802
779.4958 582.0810
779.9896 582.0815
780.4269 582.0815
780.7151 582.0819
781.0697 582.0835
781.3949 582.0857
781.7063 582.0872
781.9440 582.0882
781.9690 582.0883
782.4077 582.0888
782.7147 582.0896
782.7394 582.0897
782.8082 582.0899
782.9831 582.0905
783.0078 582.0906
783.3066 582.0918
783.5755 582.0926
783.6002 582.0926
784.0940 582.0911
784.1187 582.0909
784.2505 582.0902
784.7034 582.0894
785.1971 582.0908
785.2218 582.0909
785.3182 582.0913
785.8120 582.0930
786.1452 582.0953
786.1699 582.0955
786.4873 582.0964
786.5120 582.0965
786.5367 582.0967
786.9283 582.1004
786.9530 582.1007
787.1058 582.1019
787.5996 582.1050
787.6243 582.1052
788.1181 582.1083
788.6118 582.1073
788.6365 582.1072
789.1267 582.1055
789.1513 582.1055
789.1760 582.1054
789.6698 582.1065
790.1636 582.1109
790.6574 582.1142
791.1512 582.1181
791.4653 582.1180
791.9591 582.1198
791.9838 582.1200
792.3582 582.1213
792.4977 582.1212
792.7592 582.1223
793.2530 582.1233
793.7468 582.1230
793.8725 582.1235
793.8972 582.1236
794.0914 582.1241
794.5183 582.1234
794.7293 582.1222
794.9533 582.1219
795.3816 582.1192
795.4598 582.1185
795.9294 582.1161
796.3457 582.1156
796.5326 582.1156
797.0264 582.1157
797.0511 582.1157
797.5449 582.1159
797.7847 582.1161
797.8094 582.1161
798.1318 582.1164
798.1565 582.1165
798.6502 582.1170
799.0519 582.1174
799.0766 582.1174
799.1378 582.1175
799.3826 582.1173
799.5138 582.1172
799.8873 582.1186
799.9120 582.1187
800.4057 582.1218
800.4304 582.1219
800.4551 582.1221
800.5149 582.1224
801.0087 582.1252
801.1478 582.1258
801.6416 582.1278
801.6663 582.1279
801.8880 582.1288
802.3818 582.1315
802.4982 582.1325
802.9396 582.1350
803.3887 582.1380
803.7590 582.1387
803.7837 582.1386
803.9506 582.1382
804.3463 582.1352
804.5008 582.1330
804.6468 582.1319
805.1405 582.1307
805.5657 582.1298
805.8974 582.1314
805.9221 582.1316
806.3045 582.1345
806.3292 582.1347
806.7664 582.1372
807.1739 582.1359
807.4683 582.1344
807.9621 582.1351
808.0132 582.1353
808.5070 582.1389
808.7476 582.1402
808.8680 582.1402
809.3618 582.1396
809.3865 582.1397
809.4112 582.1398
809.6408 582.1406
810.1346 582.1399
810.5150 582.1381
810.8773 582.1385
811.0180 582.1388
811.0427 582.1389
811.0674 582.1389
811.3326 582.1391
811.5799 582.1392
812.0737 582.1401
812.4509 582.1423
812.8990 582.1448
813.2461 582.1461
813.4055 582.1462
813.7665 582.1465
814.1695 582.1480
814.3162 582.1479
814.6341 582.1477
815.1007 582.1478
815.2722 582.1477
815.3158 582.1478
815.8096 582.1497
815.8586 582.1497
816.3524 582.1488
816.6342 582.1502
816.6801 582.1506
816.7745 582.1512
816.8068 582.1514
817.1374 582.1538
817.3071 582.1551
817.4541 582.1559
817.6640 582.1561
818.0940 582.1571
818.5702 582.1578
818.6283 582.1577
818.6530 582.1577
818.6777 582.1576
818.7024 582.1576
818.7805 582.1577
818.8052 582.1579
818.8913 582.1586
819.1959 582.1603
819.5959 582.1624
819.8552 582.1642
820.2548 582.1674
820.2842 582.1676
820.3811 582.1683
820.5339 582.1691
820.5813 582.1691
820.7398 582.1692
820.9475 582.1691
820.9722 582.1691
821.4659 582.1693
821.9597 582.1701
822.4535 582.1686
822.9229 582.1679
822.9703 582.1678
823.3181 582.1683
823.5943 582.1698
823.9643 582.1708
824.4580 582.1694
824.5598 582.1692
825.0536 582.1699
825.4403 582.1699
825.8128 582.1712
826.0225 582.1724
826.0472 582.1724
826.1886 582.1728
826.2136 582.1728
826.3717 582.1733
826.8655 582.1735
826.8902 582.1735
826.9626 582.1734
827.4439 582.1737
827.4686 582.1737
827.9624 582.1729
828.3768 582.1702
828.8706 582.1670
829.3644 582.1668
829.8341 582.1663
829.8588 582.1662
830.1250 582.1664
830.5813 582.1686
830.6060 582.1687
830.6787 582.1691
830.8924 582.1695
831.1255 582.1697
831.6193 582.1718
831.7557 582.1725
831.8912 582.1733
832.0421 582.1740
832.2189 582.1744
832.2436 582.1745
832.6892 582.1749
832.9396 582.1748
833.2524 582.1753
833.4926 582.1745
833.5810 582.1750
833.8572 582.1765
834.3510 582.1765
834.7058 582.1750
834.9488 582.1761
835.4426 582.1774
835.8804 582.1782
836.0702 582.1787
836.1854 582.1791
836.2706 582.1794
836.3795 582.1798
836.4042 582.1799
836.5468 582.1805
836.5715 582.1806
837.0653 582.1834
837.0900 582.1836
837.2822 582.1848
837.3556 582.1849
837.5649 582.1853
837.8835 582.1863
838.3773 582.1859
838.8711 582.1868
838.9334 582.1869
839.2138 582.1869
839.3241 582.1870
839.3698 582.1871
839.8636 582.1872
840.3574 582.1868
840.5653 582.1865
840.8145 582.1867
840.8813 582.1869
841.2495 582.1889
841.2742 582.1890
841.2989 582.1891
841.7927 582.1914
842.1462 582.1930
842.4058 582.1943
842.8749 582.1967
843.0897 582.1978
843.1144 582.1979
843.6081 582.2000
843.6328 582.2001
843.9111 582.2007
844.4049 582.2006
844.4296 582.2008
844.6781 582.2029
844.7706 582.2037
845.2644 582.2064
845.4970 582.2075
845.8587 582.2080
846.0122 582.2079
846.2052 582.2083
846.6990 582.2086
847.1596 582.2076
847.6534 582.2096
847.8881 582.2101
848.1593 582.2112
848.6313 582.2134
849.0049 582.2163
849.0733 582.2167
849.0995 582.2168
849.3260 582.2179
849.6652 582.2201
849.9864 582.2217
850.3176 582.2229
850.8113 582.2242
851.3051 582.2240
851.7989 582.2247
852.0260 582.2253
852.4801 582.2265
852.5048 582.2265
852.8757 582.2275
852.9004 582.2275
852.9251 582.2276
853.0322 582.2277
853.5260 582.2279
854.0197 582.2309
854.3728 582.2331
854.8665 582.2365
855.2762 582.2396
855.3631 582.2401
855.6260 582.2417
855.8558 582.2439
856.0767 582.2467
856.5705 582.2518
856.8641 582.2536
856.8888 582.2537
857.3826 582.2537
857.7709 582.2502
858.2647 582.2467
858.6134 582.2483
858.9192 582.2510
859.4130 582.2542
859.4377 582.2544
859.5042 582.2548
859.8708 582.2571
859.8955 582.2573
860.2339 582.2650
860.6224 582.2784
860.8187 582.2821
860.9845 582.2844
861.0092 582.2845
861.1262 582.2827
861.5099 582.2821
861.8509 582.2838
861.8756 582.2840
862.2244 582.2866
862.3599 582.2879
862.3846 582.2882
862.4093 582.2885
862.4340 582.2887
862.8064 582.2902
862.8311 582.2903
862.8558 582.2905
863.0667 582.2916
863.0914 582.2917
863.1644 582.2919
863.6582 582.2947
863.9511 582.2966
864.3277 582.2976
864.8215 582.2975
864.8462 582.2973
864.8709 582.2972
864.8955 582.2971
865.3893 582.2976
865.4436 582.2978
865.6771 582.2985
865.8628 582.2990
865.9637 582.2993
866.1923 582.2999
866.6640 582.3020
866.8595 582.3028
867.0602 582.3037
867.0849 582.3039
867.5584 582.3056
868.0522 582.3047
868.1265 582.3047
868.5237 582.3056
869.0175 582.3053
869.5113 582.3074
869.8792 582.3079
870.3730 582.3099
870.3977 582.3100
870.6655 582.3114
871.1593 582.3123
871.1840 582.3123
871.2087 582.3124
871.2384 582.3124
871.2656 582.3125
871.5750 582.3134
871.7080 582.3138
872.0344 582.3159
872.1655 582.3163
872.5648 582.3145
872.6854 582.3140
873.0194 582.3133
873.3848 582.3148
873.4095 582.3149
873.8455 582.3174
874.1645 582.3192
874.6583 582.3206
875.1521 582.3231
875.6459 582.3266
876.0391 582.3298
876.5329 582.3339
876.6337 582.3342
877.1275 582.3361
877.6212 582.3376
877.7173 582.3379
877.8850 582.3382
878.3788 582.3402
878.6967 582.3423
878.7214 582.3425
879.2152 582.3464
879.3081 582.3469
879.8019 582.3489
879.9712 582.3491
880.3575 582.3519
880.8513 582.3554
881.0850 582.3570
881.1097 582.3571
881.3476 582.3581
881.6265 582.3583
881.9327 582.3589
882.2400 582.3599
882.5498 582.3603
882.7582 582.3613
882.8403 582.3618
882.8650 582.3619
883.3588 582.3631
883.4021 582.3632
883.4268 582.3632
883.8809 582.3640
884.0114 582.3641
884.5052 582.3653
884.9990 582.3659
885.0237 582.3660
885.4704 582.3683
885.9642 582.3696
886.4330 582.3713
886.8874 582.3727
887.2855 582.3754
887.6528 582.3759
888.1465 582.3763
888.4457 582.3773
888.9395 582.3769
888.9642 582.3769
889.4580 582.3811
889.6963 582.3829
890.1901 582.3824
890.2148 582.3824
890.3574 582.3830
890.3821 582.3831
890.6438 582.3844
891.0357 582.3864
891.0604 582.3867
891.0851 582.3869
891.5789 582.3894
892.0005 582.3888
892.3437 582.3900
892.3684 582.3901
892.3931 582.3902
892.7859 582.3918
892.9617 582.3922
893.4554 582.3925
893.9492 582.3946
893.9739 582.3947
894.4677 582.3973
894.6362 582.3984
894.6904 582.3987
895.1842 582.4014
895.2089 582.4015
895.4462 582.4019
895.8806 582.4030
896.3744 582.4053
896.8036 582.4116
896.8591 582.4124
897.3529 582.4112
897.7020 582.4098
898.0403 582.4112
898.4120 582.4136
898.4367 582.4138
898.8030 582.4173
899.2968 582.4210
899.7906 582.4245
899.9552 582.4260
900.0580 582.4268
900.0827 582.4269
900.5367 582.4294
900.6341 582.4301
900.6588 582.4303
901.0799 582.4329
901.4173 582.4353
901.6713 582.4374
902.1201 582.4408
902.5393 582.4439
902.5640 582.4441
902.5887 582.4443
902.7894 582.4457
903.2832 582.4476
903.6203 582.4498
903.6450 582.4500
903.8177 582.4514
903.8424 582.4515
903.9774 582.4524
904.0021 582.4526
904.1681 582.4541
904.1928 582.4544
904.3821 582.4557
904.4068 582.4558
904.5963 582.4570
904.8215 582.4584
905.0259 582.4596
905.0505 582.4598
905.1324 582.4602
905.5783 582.4636
905.8928 582.4659
905.9174 582.4661
906.0429 582.4667
906.3748 582.4691
906.6448 582.4714
907.1386 582.4744
907.1633 582.4745
907.6571 582.4760
907.7141 582.4762
908.2079 582.4769
908.7017 582.4798
908.9381 582.4817
909.1469 582.4834
909.4643 582.4868
909.9581 582.4910
909.9828 582.4912
910.4204 582.4936
910.5044 582.4941
910.8192 582.4956
910.9320 582.4961
910.9993 582.4965
911.0240 582.4966
911.5178 582.4974
911.5425 582.4974
912.0032 582.4981
912.1414 582.4985
912.5179 582.4995
912.8763 582.5011
912.9010 582.5013
913.1131 582.5030
913.1378 582.5032
913.2043 582.5037
913.4947 582.5055
913.5694 582.5057
913.5941 582.5058
913.6188 582.5058
913.7873 582.5062
914.2811 582.5072
914.7749 582.5111
914.9669 582.5123
915.3255 582.5141
915.5194 582.5147
915.6031 582.5151
915.9166 582.5167
916.0978 582.5180
916.5169 582.5214
916.9737 582.5234
917.1545 582.5246
917.2419 582.5252
917.2666 582.5254
917.6201 582.5275
917.9449 582.5288
918.3125 582.5307
918.8063 582.5333
919.2908 582.5342
919.3956 582.5349
919.7745 582.5366
920.1780 582.5371
920.6267 582.5385
920.8712 582.5396
921.3348 582.5420
921.6236 582.5438
921.7553 582.5444
922.2491 582.5462
922.2738 582.5463
922.2985 582.5464
922.6437 582.5476
922.8233 582.5484
923.1404 582.5499
923.4154 582.5505
923.9092 582.5513
923.9339 582.5513
923.9586 582.5514
924.4524 582.5516
924.5640 582.5517
924.6841 582.5518
924.9567 582.5528
925.3396 582.5540
925.4033 582.5542
925.6670 582.5553
925.6917 582.5554
926.0135 582.5578
926.1257 582.5582
926.3696 582.5587
926.5802 582.5594
927.0370 582.5618
927.5308 582.5637
928.0246 582.5649
928.1073 582.5650
928.5769 582.5661
928.6903 582.5664
928.9583 582.5671
928.9830 582.5672
929.1709 582.5671
929.3007 582.5672
929.6490 582.5681
929.8109 582.5683
930.1744 582.5688
930.6682 582.5706
931.1494 582.5720
931.4456 582.5712
931.8159 582.5731
931.8668 582.5735
931.9204 582.5740
931.9450 582.5742
932.2792 582.5756
932.5189 582.5768
932.6566 582.5779
932.9196 582.5795
932.9839 582.5798
933.0086 582.5799
933.4435 582.5821
933.7477 582.5839
933.9215 582.5848
934.3421 582.5875
934.3668 582.5876
934.6959 582.5895
934.9398 582.5909
935.1451 582.5921
935.5294 582.5939
936.0231 582.5937
936.4508 582.5941
936.9446 582.5953
936.9693 582.5953
937.3125 582.5971
937.5767 582.5982
937.7807 582.5994
937.9547 582.6004
938.3266 582.6020
938.7391 582.6031
939.1115 582.6047
939.5206 582.6072
939.8323 582.6085
939.9778 582.6089
940.1407 582.6092
940.3739 582.6098
940.3986 582.6099
940.5814 582.6105
940.8902 582.6114
941.1638 582.6127
941.3289 582.6137
941.5922 582.6153
941.7145 582.6158
941.8398 582.6164
942.0751 582.6179
942.3555 582.6200
942.5343 582.6217
942.7830 582.6241
942.9645 582.6252
942.9891 582.6253
943.4829 582.6283
943.6429 582.6296
943.9905 582.6337
944.3123 582.6364
944.6979 582.6399
944.9975 582.6426
945.3573 582.6445
945.6987 582.6428
945.9137 582.6414
945.9384 582.6413
945.9631 582.6411
946.1501 582.6415
946.6439 582.6430
947.0978 582.6453
947.4562 582.6469
947.7308 582.6486
948.1052 582.6500
948.4038 582.6517
948.8186 582.6534
948.8433 582.6535
948.9447 582.6537
949.2931 582.6553
949.4358 582.6558
949.7501 582.6568
950.2438 582.6614
950.2887 582.6618
950.7825 582.6648
951.1702 582.6710
951.3577 582.6753
951.5530 582.6782
951.5777 582.6783
952.0226 582.6738
952.5164 582.6694
952.9707 582.6695
952.9954 582.6695
953.1200 582.6691
953.1447 582.6690
953.1693 582.6689
953.2487 582.6686
953.7425 582.6692
954.0379 582.6707
954.1809 582.6712
954.6747 582.6721
954.7560 582.6721
955.2352 582.6731
955.2968 582.6733
955.6001 582.6747
956.0315 582.6769
956.1053 582.6771
956.5991 582.6782
957.0929 582.6798
957.5028 582.6812
957.6289 582.6815
957.9480 582.6824
958.4418 582.6831
958.6846 582.6839
958.7093 582.6840
958.9329 582.6842
958.9576 582.6843
959.3859 582.6858
959.6420 582.6866
959.6667 582.6866
959.8602 582.6872
960.3540 582.6899
960.7891 582.6917
961.1726 582.6928
961.1973 582.6928
961.2927 582.6931
961.7865 582.6956
962.1615 582.6969
962.3767 582.6979
962.7700 582.7000
963.1149 582.7023
963.1396 582.7025
963.2811 582.7035
963.3058 582.7036
963.7996 582.7047
963.8243 582.7047
963.9034 582.7047
964.2642 582.7052
964.3139 582.7054
964.5735 582.7063
964.6391 582.7065
964.9196 582.7069
965.1506 582.7075
965.6444 582.7098
965.6731 582.7100
966.1669 582.7136
966.3652 582.7151
966.8590 582.7196
967.0327 582.7215
967.5265 582.7268
967.7594 582.7293
968.0376 582.7321
968.0623 582.7323
968.3469 582.7348
968.3716 582.7349
968.7866 582.7369
969.0512 582.7382
969.1671 582.7388
969.6609 582.7404
969.8411 582.7408
969.8937 582.7410
970.1099 582.7424
970.4086 582.7450
970.4706 582.7456
970.4953 582.7458
970.5200 582.7459
970.7377 582.7474
970.7743 582.7476
970.9382 582.7486
971.2557 582.7508
971.7495 582.7533
972.2433 582.7555
972.4746 582.7577
972.8792 582.7619
972.9039 582.7622
973.2713 582.7652
973.5832 582.7669
973.7421 582.7674
974.1876 582.7703
974.2123 582.7705
974.5848 582.7731
974.7350 582.7745
974.7597 582.7747
975.1828 582.7772
975.4523 582.7794
975.4770 582.7796
975.6736 582.7817
975.9174 582.7844
976.1280 582.7871
976.5810 582.7935
976.7014 582.7951
977.1952 582.8013
977.6711 582.8034
977.7025 582.8035
977.9593 582.8050
978.1987 582.8067
978.2479 582.8070
978.4708 582.8091
978.6664 582.8115
978.6911 582.8118
979.1849 582.8158
979.5216 582.8160
979.7821 582.8156
980.2759 582.8166
980.3006 582.8168
980.7944 582.8210
980.8190 582.8213
980.8632 582.8217
981.1099 582.8239
981.1346 582.8241
981.1977 582.8247
981.6915 582.8291
981.9629 582.8310
982.3217 582.8325
982.5945 582.8330
983.0241 582.8338
983.2144 582.8353
983.2391 582.8355
983.6713 582.8381
983.7269 582.8383
983.7622 582.8385
983.7869 582.8387
983.9739 582.8404
984.4677 582.8432
984.7357 582.8450
984.7603 582.8451
984.8946 582.8454
985.1359 582.8459
985.5285 582.8468
985.5532 582.8469
985.8518 582.8486
986.3456 582.8516
986.5384 582.8529
986.7875 582.8546
986.9398 582.8560
986.9645 582.8562
987.3574 582.8603
987.7228 582.8629
987.9133 582.8643
988.2545 582.8679
988.3796 582.8692
988.4946 582.8703
988.8000 582.8726
988.8247 582.8728
989.3185 582.8761
989.7371 582.8799
989.9018 582.8812
989.9508 582.8815
990.2782 582.8829
990.7720 582.8924
991.1009 582.9054
991.1256 582.9061
991.6194 582.9091
991.6776 582.9087
991.7078 582.9085
991.8908 582.9079
992.0507 582.9075
992.2182 582.9070
992.2978 582.9066
992.3225 582.9064
992.6850 582.9057
993.0095 582.9066
993.1394 582.9073
993.6051 582.9095
994.0989 582.9124
994.3162 582.9145
994.3409 582.9147
994.6596 582.9172
995.1534 582.9199
995.6472 582.9216
995.9884 582.9221
996.1920 582.9220
996.2167 582.9220
996.7105 582.9248
996.9847 582.9271
997.1298 582.9281
997.4226 582.9303
997.9164 582.9341
998.1461 582.9357
998.4811 582.9373
998.9749 582.9396
998.9996 582.9397
999.1128 582.9406
999.3498 582.9423
999.7842 582.9457
999.9595 582.9471
999.9842 582.9473
1000.4780 582.9503
1000.5479 582.9507
1000.6761 582.9516
1001.1699 582.9555
1001.6565 582.9589
1001.9611 582.9604
1002.2045 582.9613
1002.2292 582.9613
1002.2835 582.9615
1002.4974 582.9625
1002.7505 582.9632
1003.0638 582.9641
1003.2971 582.9653
1003.4976 582.9668
1003.7486 582.9691
1003.7733 582.9693
1003.9838 582.9710
1004.0085 582.9711
1004.3636 582.9725
1004.6533 582.9721
1004.6780 582.9721
1004.7888 582.9718
1005.2826 582.9710
1005.3073 582.9710
1005.8011 582.9721
1006.2059 582.9746
1006.2306 582.9748
1006.7244 582.9782
1006.7491 582.9783
1007.2201 582.9780
1007.5860 582.9763
1007.9447 582.9756
1008.4385 582.9768
1008.4821 582.9770
1008.8245 582.9790
1009.0596 582.9793
1009.1565 582.9795
1009.1812 582.9796
1009.6750 582.9824
1010.0377 582.9871
1010.4162 582.9912
1010.9100 582.9949
1011.0955 582.9963
1011.4306 582.9987
1011.8621 583.0033
1012.1657 583.0061
1012.6594 583.0088
1012.6841 583.0089
1013.0188 583.0098
1013.0435 583.0098
1013.0681 583.0099
1013.1059 583.0100
1013.5269 583.0116
1013.5516 583.0118
1014.0454 583.0137
1014.3525 583.0144
1014.3944 583.0147
1014.8881 583.0187
1014.9929 583.0189
1015.1458 583.0188
1015.4714 583.0188
1015.6974 583.0204
1016.1912 583.0229
1016.3035 583.0236
1016.7973 583.0272
1017.1545 583.0300
1017.5338 583.0325
1017.6947 583.0336
1018.1885 583.0353
1018.4862 583.0363
1018.7658 583.0379
1018.8836 583.0383
1019.3625 583.0402
1019.3872 583.0403
1019.4386 583.0404
1019.8492 583.0404
1020.2406 583.0407
1020.4339 583.0412
1020.5090 583.0415
1020.5337 583.0416
1021.0275 583.0625
1021.0847 583.0580
1021.2794 583.0452
1021.3410 583.0455
1021.6367 583.0473
1021.8477 583.0488
1021.8724 583.0490
1021.8971 583.0491
1022.0000 583.0498
