478.0000 583.1370
478.2500 583.1337
478.5000 583.1300
478.7500 583.1255
479.0000 583.1425
479.2500 583.1157
479.5000 583.1104
479.7500 583.1066
480.0000 583.1034
480.2500 583.0995
480.5000 583.0957
480.7500 583.0924
481.0000 583.0881
481.2500 583.0838
481.5000 583.0804
481.7500 583.0773
482.0000 583.0744
482.2500 583.0704
482.5000 583.0652
482.7500 583.0609
483.0000 583.0560
483.2500 583.0507
483.5000 583.0456
483.7500 583.0397
484.0000 583.0351
484.2500 583.0303
484.5000 583.0259
484.7500 583.0217
485.0000 583.0174
485.2500 583.0138
485.5000 583.0105
485.7500 583.0073
486.0000 583.0038
486.2500 583.0007
486.5000 582.9983
486.7500 582.9954
487.0000 582.9927
487.2500 582.9897
487.5000 582.9864
487.7500 582.9834
488.0000 582.9799
488.2500 582.9764
488.5000 582.9733
488.7500 582.9701
489.0000 582.9660
489.2500 582.9617
489.5000 582.9575
489.7500 582.9539
490.0000 582.9503
490.2500 582.9465
490.5000 582.9428
490.7500 582.9399
491.0000 582.9365
491.2500 582.9336
491.5000 582.9307
491.7500 582.9274
492.0000 582.9240
492.2500 582.9202
492.5000 582.9163
492.7500 582.9126
493.0000 582.9088
493.2500 582.9050
493.5000 582.9011
493.7500 582.8983
494.0000 582.8950
494.2500 582.8918
494.5000 582.8888
494.7500 582.8858
495.0000 582.8837
495.2500 582.8810
495.5000 582.8779
495.7500 582.8759
496.0000 582.8736
496.2500 582.8701
496.5000 582.8661
496.7500 582.8620
497.0000 582.8583
497.2500 582.8555
497.5000 582.8525
497.7500 582.8496
498.0000 582.8463
498.2500 582.8432
498.5000 582.8406
498.7500 582.8378
499.0000 582.8354
499.2500 582.8324
499.5000 582.8299
499.7500 582.8293
500.0000 582.8292
500.2500 582.8299
500.5000 582.8360
500.7500 582.8421
501.0000 582.8379
501.2500 582.8312
501.5000 582.8270
501.7500 582.8249
502.0000 582.8223
502.2500 582.8191
502.5000 582.8151
502.7500 582.8127
503.0000 582.8103
503.2500 582.8075
503.5000 582.8052
503.7500 582.8041
504.0000 582.8022
504.2500 582.8002
504.5000 582.7978
504.7500 582.7947
505.0000 582.7925
505.2500 582.7903
505.5000 582.7886
505.7500 582.7875
506.0000 582.7865
506.2500 582.7848
506.5000 582.7831
506.7500 582.7808
507.0000 582.7791
507.2500 582.7774
507.5000 582.7757
507.7500 582.7745
508.0000 582.7731
508.2500 582.7708
508.5000 582.7688
508.7500 582.7673
509.0000 582.7662
509.2500 582.7654
509.5000 582.7639
509.7500 582.7622
510.0000 582.7602
510.2500 582.7576
510.5000 582.7553
510.7500 582.7531
511.0000 582.7510
511.2500 582.7492
511.5000 582.7463
511.7500 582.7439
512.0000 582.7408
512.2500 582.7381
512.5000 582.7359
512.7500 582.7331
513.0000 582.7313
513.2500 582.7301
513.5000 582.7280
513.7500 582.7258
514.0000 582.7233
514.2500 582.7203
514.5000 582.7186
514.7500 582.7163
515.0000 582.7145
515.2500 582.7124
515.5000 582.7111
515.7500 582.7096
516.0000 582.7081
516.2500 582.7070
516.5000 582.7058
516.7500 582.7046
517.0000 582.7026
517.2500 582.7004
517.5000 582.6988
517.7500 582.6969
518.0000 582.6947
518.2500 582.6920
518.5000 582.6897
518.7500 582.6888
519.0000 582.6881
519.2500 582.6863
519.5000 582.6838
519.7500 582.6815
520.0000 582.6786
520.2500 582.6761
520.5000 582.6757
520.7500 582.6733
521.0000 582.6703
521.2500 582.6686
521.5000 582.6671
521.7500 582.6638
522.0000 582.6626
522.2500 582.6624
522.5000 582.6615
522.7500 582.6611
523.0000 582.6618
523.2500 582.6616
523.5000 582.6603
523.7500 582.6587
524.0000 582.6569
524.2500 582.6550
524.5000 582.6541
524.7500 582.6538
525.0000 582.6551
525.2500 582.6606
525.5000 582.6666
525.7500 582.6664
526.0000 582.6605
526.2500 582.6583
526.5000 582.6572
526.7500 582.6566
527.0000 582.6562
527.2500 582.6556
527.5000 582.6546
527.7500 582.6539
528.0000 582.6530
528.2500 582.6526
528.5000 582.6514
528.7500 582.6491
529.0000 582.6478
529.2500 582.6456
529.5000 582.6440
529.7500 582.6432
530.0000 582.6399
530.2500 582.6374
530.5000 582.6362
530.7500 582.6342
531.0000 582.6331
531.2500 582.6326
531.5000 582.6326
531.7500 582.6315
532.0000 582.6307
532.2500 582.6297
532.5000 582.6287
532.7500 582.6278
533.0000 582.6269
533.2500 582.6259
533.5000 582.6242
533.7500 582.6231
534.0000 582.6220
534.2500 582.6212
534.5000 582.6209
534.7500 582.6205
535.0000 582.6198
535.2500 582.6192
535.5000 582.6186
535.7500 582.6181
536.0000 582.6183
536.2500 582.6185
536.5000 582.6172
536.7500 582.6152
537.0000 582.6154
537.2500 582.6149
537.5000 582.6138
537.7500 582.6129
538.0000 582.6113
538.2500 582.6095
538.5000 582.6082
538.7500 582.6066
539.0000 582.6057
539.2500 582.6045
539.5000 582.6028
539.7500 582.6018
540.0000 582.6005
540.2500 582.5984
540.5000 582.5966
540.7500 582.5951
541.0000 582.5943
541.2500 582.5922
541.5000 582.5907
541.7500 582.5888
542.0000 582.5874
542.2500 582.5861
542.5000 582.5842
542.7500 582.5834
543.0000 582.5822
543.2500 582.5810
543.5000 582.5803
543.7500 582.5800
544.0000 582.5794
544.2500 582.5777
544.5000 582.5767
544.7500 582.5757
545.0000 582.5750
545.2500 582.5735
545.5000 582.5721
545.7500 582.5700
546.0000 582.5687
546.2500 582.5676
546.5000 582.5662
546.7500 582.5655
547.0000 582.5654
547.2500 582.5654
547.5000 582.5638
547.7500 582.5610
548.0000 582.5590
548.2500 582.5567
548.5000 582.5548
548.7500 582.5544
549.0000 582.5548
549.2500 582.5549
549.5000 582.5560
549.7500 582.5561
550.0000 582.5556
550.2500 582.5563
550.5000 582.5562
550.7500 582.5564
551.0000 582.5570
551.2500 582.5570
551.5000 582.5577
551.7500 582.5582
552.0000 582.5567
552.2500 582.5556
552.5000 582.5545
552.7500 582.5536
553.0000 582.5523
553.2500 582.5519
553.5000 582.5508
553.7500 582.5488
554.0000 582.5472
554.2500 582.5465
554.5000 582.5449
554.7500 582.5434
555.0000 582.5412
555.2500 582.5403
555.5000 582.5394
555.7500 582.5378
556.0000 582.5366
556.2500 582.5357
556.5000 582.5348
556.7500 582.5336
557.0000 582.5336
557.2500 582.5327
557.5000 582.5323
557.7500 582.5311
558.0000 582.5307
558.2500 582.5304
558.5000 582.5289
558.7500 582.5283
559.0000 582.5277
559.2500 582.5272
559.5000 582.5262
559.7500 582.5249
560.0000 582.5235
560.2500 582.5214
560.5000 582.5201
560.7500 582.5186
561.0000 582.5171
561.2500 582.5155
561.5000 582.5138
561.7500 582.5122
562.0000 582.5115
562.2500 582.5103
562.5000 582.5090
562.7500 582.5083
563.0000 582.5079
563.2500 582.5072
563.5000 582.5064
563.7500 582.5063
564.0000 582.5057
564.2500 582.5058
564.5000 582.5044
564.7500 582.5029
565.0000 582.5021
565.2500 582.5015
565.5000 582.5009
565.7500 582.5002
566.0000 582.4996
566.2500 582.4994
566.5000 582.4989
566.7500 582.4979
567.0000 582.4977
567.2500 582.4969
567.5000 582.4962
567.7500 582.4946
568.0000 582.4936
568.2500 582.4928
568.5000 582.4921
568.7500 582.4916
569.0000 582.4915
569.2500 582.4908
569.5000 582.4897
569.7500 582.4892
570.0000 582.4884
570.2500 582.4882
570.5000 582.4876
570.7500 582.4867
571.0000 582.4847
571.2500 582.4825
571.5000 582.4809
571.7500 582.4798
572.0000 582.4787
572.2500 582.4787
572.5000 582.4779
572.7500 582.4769
573.0000 582.4759
573.2500 582.4750
573.5000 582.4738
573.7500 582.4730
574.0000 582.4719
574.2500 582.4712
574.5000 582.4715
574.7500 582.4713
575.0000 582.4708
575.2500 582.4706
575.5000 582.4706
575.7500 582.4703
576.0000 582.4688
576.2500 582.4670
576.5000 582.4655
576.7500 582.4642
577.0000 582.4633
577.2500 582.4622
577.5000 582.4603
577.7500 582.4589
578.0000 582.4575
578.2500 582.4569
578.5000 582.4564
578.7500 582.4551
579.0000 582.4537
579.2500 582.4523
579.5000 582.4512
579.7500 582.4512
580.0000 582.4508
580.2500 582.4497
580.5000 582.4479
580.7500 582.4464
581.0000 582.4440
581.2500 582.4421
581.5000 582.4408
581.7500 582.4398
582.0000 582.4370
582.2500 582.4333
582.5000 582.4325
582.7500 582.4314
583.0000 582.4304
583.2500 582.4290
583.5000 582.4279
583.7500 582.4264
584.0000 582.4254
584.2500 582.4241
584.5000 582.4230
584.7500 582.4226
585.0000 582.4230
585.2500 582.4232
585.5000 582.4231
585.7500 582.4224
586.0000 582.4218
586.2500 582.4211
586.5000 582.4208
586.7500 582.4199
587.0000 582.4180
587.2500 582.4157
587.5000 582.4146
587.7500 582.4132
588.0000 582.4122
588.2500 582.4108
588.5000 582.4093
588.7500 582.4080
589.0000 582.4076
589.2500 582.4065
589.5000 582.4056
589.7500 582.4043
590.0000 582.4032
590.2500 582.4020
590.5000 582.4014
590.7500 582.4010
591.0000 582.4003
591.2500 582.4002
591.5000 582.4000
591.7500 582.4003
592.0000 582.4014
592.2500 582.4017
592.5000 582.4005
592.7500 582.3991
593.0000 582.3984
593.2500 582.3971
593.5000 582.3962
593.7500 582.3951
594.0000 582.3941
594.2500 582.3925
594.5000 582.3919
594.7500 582.3904
595.0000 582.3896
595.2500 582.3891
595.5000 582.3884
595.7500 582.3874
596.0000 582.3864
596.2500 582.3859
596.5000 582.3856
596.7500 582.3852
597.0000 582.3842
597.2500 582.3845
597.5000 582.3851
597.7500 582.3864
598.0000 582.3886
598.2500 582.3897
598.5000 582.3899
598.7500 582.3909
599.0000 582.3899
599.2500 582.3864
599.5000 582.3819
599.7500 582.3790
600.0000 582.3783
600.2500 582.3779
600.5000 582.3765
600.7500 582.3756
601.0000 582.3749
601.2500 582.3748
601.5000 582.3741
601.7500 582.3743
602.0000 582.3742
602.2500 582.3741
602.5000 582.3745
602.7500 582.3746
603.0000 582.3738
603.2500 582.3725
603.5000 582.3714
603.7500 582.3702
604.0000 582.3687
604.2500 582.3680
604.5000 582.3677
604.7500 582.3664
605.0000 582.3658
605.2500 582.3652
605.5000 582.3642
605.7500 582.3627
606.0000 582.3620
606.2500 582.3610
606.5000 582.3597
606.7500 582.3582
607.0000 582.3563
607.2500 582.3557
607.5000 582.3553
607.7500 582.3545
608.0000 582.3537
608.2500 582.3538
608.5000 582.3535
608.7500 582.3531
609.0000 582.3517
609.2500 582.3503
609.5000 582.3494
609.7500 582.3479
610.0000 582.3473
610.2500 582.3469
610.5000 582.3461
610.7500 582.3447
611.0000 582.3439
611.2500 582.3433
611.5000 582.3428
611.7500 582.3422
612.0000 582.3404
612.2500 582.3398
612.5000 582.3386
612.7500 582.3376
613.0000 582.3370
613.2500 582.3370
613.5000 582.3363
613.7500 582.3355
614.0000 582.3342
614.2500 582.3333
614.5000 582.3319
614.7500 582.3310
615.0000 582.3296
615.2500 582.3288
615.5000 582.3274
615.7500 582.3263
616.0000 582.3263
616.2500 582.3272
616.5000 582.3276
616.7500 582.3277
617.0000 582.3278
617.2500 582.3274
617.5000 582.3273
617.7500 582.3272
618.0000 582.3279
618.2500 582.3285
618.5000 582.3276
618.7500 582.3278
619.0000 582.3273
619.2500 582.3268
619.5000 582.3263
619.7500 582.3256
620.0000 582.3244
620.2500 582.3230
620.5000 582.3219
620.7500 582.3211
621.0000 582.3208
621.2500 582.3195
621.5000 582.3189
621.7500 582.3191
622.0000 582.3188
622.2500 582.3185
622.5000 582.3186
622.7500 582.3178
623.0000 582.3169
623.2500 582.3163
623.5000 582.3160
623.7500 582.3152
624.0000 582.3154
624.2500 582.3159
624.5000 582.3158
624.7500 582.3151
625.0000 582.3151
625.2500 582.3152
625.5000 582.3152
625.7500 582.3140
626.0000 582.3138
626.2500 582.3133
626.5000 582.3128
626.7500 582.3112
627.0000 582.3105
627.2500 582.3101
627.5000 582.3092
627.7500 582.3076
628.0000 582.3061
628.2500 582.3046
628.5000 582.3030
628.7500 582.3015
629.0000 582.2998
629.2500 582.2994
629.5000 582.2982
629.7500 582.2974
630.0000 582.2966
630.2500 582.2952
630.5000 582.2942
630.7500 582.2929
631.0000 582.2913
631.2500 582.2902
631.5000 582.2893
631.7500 582.2886
632.0000 582.2877
632.2500 582.2877
632.5000 582.2867
632.7500 582.2851
633.0000 582.2846
633.2500 582.2841
633.5000 582.2833
633.7500 582.2820
634.0000 582.2812
634.2500 582.2802
634.5000 582.2794
634.7500 582.2794
635.0000 582.2783
635.2500 582.2766
635.5000 582.2742
635.7500 582.2727
636.0000 582.2706
636.2500 582.2697
636.5000 582.2686
636.7500 582.2673
637.0000 582.2666
637.2500 582.2654
637.5000 582.2638
637.7500 582.2621
638.0000 582.2593
638.2500 582.2565
638.5000 582.2539
638.7500 582.2512
639.0000 582.2478
639.2500 582.2448
639.5000 582.2431
639.7500 582.2405
640.0000 582.2383
640.2500 582.2370
640.5000 582.2349
640.7500 582.2325
641.0000 582.2305
641.2500 582.2283
641.5000 582.2256
641.7500 582.2235
642.0000 582.2217
642.2500 582.2194
642.5000 582.2177
642.7500 582.2158
643.0000 582.2147
643.2500 582.2142
643.5000 582.2131
643.7500 582.2126
644.0000 582.2116
644.2500 582.2098
644.5000 582.2079
644.7500 582.2067
645.0000 582.2059
645.2500 582.2044
645.5000 582.2022
645.7500 582.2008
646.0000 582.1988
646.2500 582.1967
646.5000 582.1945
646.7500 582.1922
647.0000 582.1906
647.2500 582.1885
647.5000 582.1871
647.7500 582.1856
648.0000 582.1841
648.2500 582.1830
648.5000 582.1817
648.7500 582.1800
649.0000 582.1789
649.2500 582.1771
649.5000 582.1750
649.7500 582.1735
650.0000 582.1711
650.2500 582.1685
650.5000 582.1668
650.7500 582.1658
651.0000 582.1654
651.2500 582.1643
651.5000 582.1635
651.7500 582.1622
652.0000 582.1611
652.2500 582.1603
652.5000 582.1601
652.7500 582.1596
653.0000 582.1582
653.2500 582.1573
653.5000 582.1555
653.7500 582.1539
654.0000 582.1533
654.2500 582.1521
654.5000 582.1505
654.7500 582.1488
655.0000 582.1465
655.2500 582.1444
655.5000 582.1432
655.7500 582.1419
656.0000 582.1413
656.2500 582.1411
656.5000 582.1406
656.7500 582.1402
657.0000 582.1394
657.2500 582.1389
657.5000 582.1389
657.7500 582.1394
658.0000 582.1404
658.2500 582.1424
658.5000 582.1430
658.7500 582.1438
659.0000 582.1449
659.2500 582.1459
659.5000 582.1462
659.7500 582.1461
660.0000 582.1456
660.2500 582.1446
660.5000 582.1443
660.7500 582.1433
661.0000 582.1421
661.2500 582.1408
661.5000 582.1405
661.7500 582.1403
662.0000 582.1391
662.2500 582.1378
662.5000 582.1373
662.7500 582.1364
663.0000 582.1344
663.2500 582.1328
663.5000 582.1320
663.7500 582.1309
664.0000 582.1290
664.2500 582.1272
664.5000 582.1259
664.7500 582.1245
665.0000 582.1232
665.2500 582.1222
665.5000 582.1212
665.7500 582.1200
666.0000 582.1189
666.2500 582.1178
666.5000 582.1170
666.7500 582.1164
667.0000 582.1157
667.2500 582.1141
667.5000 582.1127
667.7500 582.1120
668.0000 582.1111
668.2500 582.1106
668.5000 582.1094
668.7500 582.1076
669.0000 582.1064
669.2500 582.1052
669.5000 582.1038
669.7500 582.1026
670.0000 582.1018
670.2500 582.1008
670.5000 582.1004
670.7500 582.1000
671.0000 582.1002
671.2500 582.0998
671.5000 582.0993
671.7500 582.0991
672.0000 582.0990
672.2500 582.0988
672.5000 582.0976
672.7500 582.0954
673.0000 582.0938
673.2500 582.0930
673.5000 582.0922
673.7500 582.0915
674.0000 582.0913
674.2500 582.0908
674.5000 582.0897
674.7500 582.0885
675.0000 582.0884
675.2500 582.0892
675.5000 582.0893
675.7500 582.0889
676.0000 582.0879
676.2500 582.0876
676.5000 582.0865
676.7500 582.0855
677.0000 582.0847
677.2500 582.0834
677.5000 582.0825
677.7500 582.0818
678.0000 582.0812
678.2500 582.0806
678.5000 582.0802
678.7500 582.0783
679.0000 582.0761
679.2500 582.0742
679.5000 582.0728
679.7500 582.0717
680.0000 582.0705
680.2500 582.0686
680.5000 582.0658
680.7500 582.0654
681.0000 582.0653
681.2500 582.0651
681.5000 582.0649
681.7500 582.0642
682.0000 582.0639
682.2500 582.0638
682.5000 582.0646
682.7500 582.0655
683.0000 582.0646
683.2500 582.0629
683.5000 582.0607
683.7500 582.0584
684.0000 582.0568
684.2500 582.0559
684.5000 582.0540
684.7500 582.0525
685.0000 582.0518
685.2500 582.0525
685.5000 582.0528
685.7500 582.0521
686.0000 582.0530
686.2500 582.0544
686.5000 582.0547
686.7500 582.0547
687.0000 582.0549
687.2500 582.0548
687.5000 582.0539
687.7500 582.0536
688.0000 582.0531
688.2500 582.0522
688.5000 582.0509
688.7500 582.0503
689.0000 582.0509
689.2500 582.0510
689.5000 582.0518
689.7500 582.0519
690.0000 582.0506
690.2500 582.0485
690.5000 582.0481
690.7500 582.0468
691.0000 582.0449
691.2500 582.0438
691.5000 582.0445
691.7500 582.0451
692.0000 582.0447
692.2500 582.0431
692.5000 582.0407
692.7500 582.0389
693.0000 582.0383
693.2500 582.0381
693.5000 582.0398
693.7500 582.0420
694.0000 582.0455
694.2500 582.0498
694.5000 582.0513
694.7500 582.0491
695.0000 582.0474
695.2500 582.0454
695.5000 582.0427
695.7500 582.0416
696.0000 582.0402
696.2500 582.0379
696.5000 582.0363
696.7500 582.0357
697.0000 582.0353
697.2500 582.0350
697.5000 582.0356
697.7500 582.0353
698.0000 582.0340
698.2500 582.0310
698.5000 582.0292
698.7500 582.0295
699.0000 582.0295
699.2500 582.0276
699.5000 582.0255
699.7500 582.0237
700.0000 582.0222
700.2500 582.0212
700.5000 582.0189
700.7500 582.0166
701.0000 582.0149
701.2500 582.0140
701.5000 582.0143
701.7500 582.0145
702.0000 582.0146
702.2500 582.0150
702.5000 582.0149
702.7500 582.0147
703.0000 582.0145
703.2500 582.0142
703.5000 582.0131
703.7500 582.0132
704.0000 582.0139
704.2500 582.0142
704.5000 582.0138
704.7500 582.0117
705.0000 582.0097
705.2500 582.0087
705.5000 582.0073
705.7500 582.0064
706.0000 582.0057
706.2500 582.0053
706.5000 582.0050
706.7500 582.0048
707.0000 582.0049
707.2500 582.0051
707.5000 582.0059
707.7500 582.0069
708.0000 582.0074
708.2500 582.0085
708.5000 582.0092
708.7500 582.0102
709.0000 582.0101
709.2500 582.0104
709.5000 582.0098
709.7500 582.0088
710.0000 582.0091
710.2500 582.0097
710.5000 582.0096
710.7500 582.0083
711.0000 582.0076
711.2500 582.0071
711.5000 582.0063
711.7500 582.0058
712.0000 582.0053
712.2500 582.0041
712.5000 582.0036
712.7500 582.0037
713.0000 582.0040
713.2500 582.0031
713.5000 582.0024
713.7500 582.0020
714.0000 582.0020
714.2500 582.0016
714.5000 582.0019
714.7500 582.0021
715.0000 582.0022
715.2500 582.0019
715.5000 582.0020
715.7500 582.0022
716.0000 582.0022
716.2500 582.0029
716.5000 582.0039
716.7500 582.0040
717.0000 582.0029
717.2500 582.0026
717.5000 582.0026
717.7500 582.0026
718.0000 582.0032
718.2500 582.0041
718.5000 582.0054
718.7500 582.0063
719.0000 582.0071
719.2500 582.0080
719.5000 582.0087
719.7500 582.0089
720.0000 582.0091
720.2500 582.0090
720.5000 582.0084
720.7500 582.0086
721.0000 582.0099
721.2500 582.0104
721.5000 582.0100
721.7500 582.0105
722.0000 582.0112
722.2500 582.0128
722.5000 582.0133
722.7500 582.0138
723.0000 582.0139
723.2500 582.0141
723.5000 582.0148
723.7500 582.0155
724.0000 582.0165
724.2500 582.0169
724.5000 582.0175
724.7500 582.0178
725.0000 582.0191
725.2500 582.0199
725.5000 582.0207
725.7500 582.0206
726.0000 582.0203
726.2500 582.0203
726.5000 582.0206
726.7500 582.0201
727.0000 582.0201
727.2500 582.0208
727.5000 582.0219
727.7500 582.0227
728.0000 582.0223
728.2500 582.0223
728.5000 582.0216
728.7500 582.0208
729.0000 582.0204
729.2500 582.0201
729.5000 582.0197
729.7500 582.0197
730.0000 582.0197
730.2500 582.0200
730.5000 582.0213
730.7500 582.0225
731.0000 582.0242
731.2500 582.0255
731.5000 582.0267
731.7500 582.0271
732.0000 582.0279
732.2500 582.0283
732.5000 582.0285
732.7500 582.0286
733.0000 582.0276
733.2500 582.0261
733.5000 582.0264
733.7500 582.0266
734.0000 582.0272
734.2500 582.0279
734.5000 582.0283
734.7500 582.0292
735.0000 582.0294
735.2500 582.0297
735.5000 582.0306
735.7500 582.0305
736.0000 582.0305
736.2500 582.0309
736.5000 582.0313
736.7500 582.0307
737.0000 582.0306
737.2500 582.0309
737.5000 582.0312
737.7500 582.0310
738.0000 582.0311
738.2500 582.0314
738.5000 582.0316
738.7500 582.0311
739.0000 582.0303
739.2500 582.0318
739.5000 582.0338
739.7500 582.0352
740.0000 582.0361
740.2500 582.0367
740.5000 582.0383
740.7500 582.0404
741.0000 582.0416
741.2500 582.0430
741.5000 582.0444
741.7500 582.0443
742.0000 582.0444
742.2500 582.0440
742.5000 582.0433
742.7500 582.0425
743.0000 582.0428
743.2500 582.0430
743.5000 582.0442
743.7500 582.0458
744.0000 582.0468
744.2500 582.0486
744.5000 582.0494
744.7500 582.0488
745.0000 582.0486
745.2500 582.0479
745.5000 582.0468
745.7500 582.0463
746.0000 582.0466
746.2500 582.0466
746.5000 582.0468
746.7500 582.0476
747.0000 582.0490
747.2500 582.0498
747.5000 582.0500
747.7500 582.0503
748.0000 582.0512
748.2500 582.0519
748.5000 582.0531
748.7500 582.0537
749.0000 582.0546
749.2500 582.0556
749.5000 582.0566
749.7500 582.0579
750.0000 582.0568
750.2500 582.0550
750.5000 582.0539
750.7500 582.0522
751.0000 582.0519
751.2500 582.0534
751.5000 582.0532
751.7500 582.0522
752.0000 582.0512
752.2500 582.0515
752.5000 582.0524
752.7500 582.0533
753.0000 582.0546
753.2500 582.0565
753.5000 582.0582
753.7500 582.0587
754.0000 582.0584
754.2500 582.0587
754.5000 582.0586
754.7500 582.0587
755.0000 582.0593
755.2500 582.0587
755.5000 582.0585
755.7500 582.0590
756.0000 582.0591
756.2500 582.0591
756.5000 582.0601
756.7500 582.0620
757.0000 582.0622
757.2500 582.0619
757.5000 582.0608
757.7500 582.0598
758.0000 582.0603
758.2500 582.0597
758.5000 582.0580
758.7500 582.0571
759.0000 582.0577
759.2500 582.0589
759.5000 582.0606
759.7500 582.0616
760.0000 582.0634
760.2500 582.0647
760.5000 582.0662
760.7500 582.0693
761.0000 582.0708
761.2500 582.0719
761.5000 582.0723
761.7500 582.0693
762.0000 582.0673
762.2500 582.0669
762.5000 582.0659
762.7500 582.0647
763.0000 582.0626
763.2500 582.0610
763.5000 582.0587
763.7500 582.0580
764.0000 582.0578
764.2500 582.0587
764.5000 582.0601
764.7500 582.0608
765.0000 582.0618
765.2500 582.0634
765.5000 582.0645
765.7500 582.0665
766.0000 582.0687
766.2500 582.0705
766.5000 582.0716
766.7500 582.0719
767.0000 582.0717
767.2500 582.0731
767.5000 582.0741
767.7500 582.0750
768.0000 582.0758
768.2500 582.0765
768.5000 582.0791
768.7500 582.0799
769.0000 582.0791
769.2500 582.0793
769.5000 582.0811
769.7500 582.0832
770.0000 582.0843
770.2500 582.0848
770.5000 582.0848
770.7500 582.0842
771.0000 582.0840
771.2500 582.0830
771.5000 582.0828
771.7500 582.0827
772.0000 582.0804
772.2500 582.0790
772.5000 582.0793
772.7500 582.0788
773.0000 582.0787
773.2500 582.0779
773.5000 582.0769
773.7500 582.0774
774.0000 582.0774
774.2500 582.0782
774.5000 582.0789
774.7500 582.0807
775.0000 582.0827
775.2500 582.0848
775.5000 582.0868
775.7500 582.0885
776.0000 582.0899
776.2500 582.0909
776.5000 582.0898
776.7500 582.0890
777.0000 582.0890
777.2500 582.0879
777.5000 582.0871
777.7500 582.0856
778.0000 582.0847
778.2500 582.0842
778.5000 582.0832
778.7500 582.0807
779.0000 582.0794
779.2500 582.0800
779.5000 582.0810
779.7500 582.0812
780.0000 582.0815
780.2500 582.0815
780.5000 582.0815
780.7500 582.0820
781.0000 582.0830
781.2500 582.0847
781.5000 582.0865
781.7500 582.0874
782.0000 582.0884
782.2500 582.0884
782.5000 582.0890
782.7500 582.0897
783.0000 582.0906
783.2500 582.0915
783.5000 582.0927
783.7500 582.0925
784.0000 582.0916
784.2500 582.0902
784.5000 582.0896
784.7500 582.0893
785.0000 582.0897
785.2500 582.0911
785.5000 582.0920
785.7500 582.0926
786.0000 582.0943
786.2500 582.0960
786.5000 582.0964
786.7500 582.0983
787.0000 582.1013
787.2500 582.1026
787.5000 582.1042
787.7500 582.1063
788.0000 582.1083
788.2500 582.1084
788.5000 582.1081
788.7500 582.1064
789.0000 582.1057
789.2500 582.1053
789.5000 582.1058
789.7500 582.1069
790.0000 582.1093
790.2500 582.1117
790.5000 582.1129
790.7500 582.1149
791.0000 582.1172
791.2500 582.1187
791.5000 582.1179
791.7500 582.1181
792.0000 582.1201
792.2500 582.1213
792.5000 582.1212
792.7500 582.1223
793.0000 582.1235
793.2500 582.1233
793.5000 582.1228
793.7500 582.1230
794.0000 582.1240
794.2500 582.1242
794.5000 582.1235
794.7500 582.1221
795.0000 582.1219
795.2500 582.1203
795.5000 582.1182
795.7500 582.1168
796.0000 582.1158
796.2500 582.1157
796.5000 582.1155
796.7500 582.1160
797.0000 582.1158
797.2500 582.1152
797.5000 582.1158
797.7500 582.1161
798.0000 582.1162
798.2500 582.1166
798.5000 582.1170
798.7500 582.1170
799.0000 582.1174
799.2500 582.1175
799.5000 582.1172
799.7500 582.1178
800.0000 582.1192
800.2500 582.1210
800.5000 582.1223
800.7500 582.1239
801.0000 582.1252
801.2500 582.1262
801.5000 582.1273
801.7500 582.1282
802.0000 582.1292
802.2500 582.1304
802.5000 582.1325
802.7500 582.1339
803.0000 582.1353
803.2500 582.1372
803.5000 582.1387
803.7500 582.1387
804.0000 582.1381
804.2500 582.1365
804.5000 582.1330
804.7500 582.1311
805.0000 582.1314
805.2500 582.1302
805.5000 582.1295
805.7500 582.1306
806.0000 582.1320
806.2500 582.1340
806.5000 582.1362
806.7500 582.1372
807.0000 582.1371
807.2500 582.1354
807.5000 582.1342
807.7500 582.1347
808.0000 582.1352
808.2500 582.1365
808.5000 582.1389
808.7500 582.1402
809.0000 582.1401
809.2500 582.1390
809.5000 582.1403
809.7500 582.1409
810.0000 582.1402
810.2500 582.1396
810.5000 582.1381
810.7500 582.1381
811.0000 582.1388
811.2500 582.1391
811.5000 582.1390
811.7500 582.1395
812.0000 582.1398
812.2500 582.1408
812.5000 582.1427
812.7500 582.1439
813.0000 582.1454
813.2500 582.1461
813.5000 582.1462
813.7500 582.1464
814.0000 582.1477
814.2500 582.1481
814.5000 582.1475
814.7500 582.1478
815.0000 582.1480
815.2500 582.1476
815.5000 582.1484
815.7500 582.1496
816.0000 582.1499
816.2500 582.1485
816.5000 582.1492
816.7500 582.1511
817.0000 582.1526
817.2500 582.1548
817.5000 582.1561
817.7500 582.1561
818.0000 582.1567
818.2500 582.1577
818.5000 582.1579
818.7500 582.1575
819.0000 582.1594
819.2500 582.1605
819.5000 582.1618
819.7500 582.1633
820.0000 582.1655
820.2500 582.1674
820.5000 582.1691
820.7500 582.1692
821.0000 582.1691
821.2500 582.1692
821.5000 582.1693
821.7500 582.1698
822.0000 582.1701
822.2500 582.1703
822.5000 582.1682
822.7500 582.1680
823.0000 582.1678
823.2500 582.1680
823.5000 582.1692
823.7500 582.1707
824.0000 582.1708
824.2500 582.1701
824.5000 582.1693
824.7500 582.1690
825.0000 582.1699
825.2500 582.1701
825.5000 582.1699
825.7500 582.1708
826.0000 582.1723
826.2500 582.1729
826.5000 582.1737
826.7500 582.1737
827.0000 582.1733
827.2500 582.1735
827.5000 582.1737
827.7500 582.1738
828.0000 582.1727
828.2500 582.1707
828.5000 582.1697
828.7500 582.1670
829.0000 582.1670
829.2500 582.1668
829.5000 582.1667
829.7500 582.1665
830.0000 582.1658
830.2500 582.1670
830.5000 582.1682
830.7500 582.1694
831.0000 582.1696
831.2500 582.1698
831.5000 582.1711
831.7500 582.1725
832.0000 582.1739
832.2500 582.1745
832.5000 582.1753
832.7500 582.1748
833.0000 582.1748
833.2500 582.1753
833.5000 582.1745
833.7500 582.1759
834.0000 582.1774
834.2500 582.1773
834.5000 582.1752
834.7500 582.1750
835.0000 582.1764
835.2500 582.1770
835.5000 582.1775
835.7500 582.1780
836.0000 582.1784
836.2500 582.1793
836.5000 582.1803
836.7500 582.1815
837.0000 582.1830
837.2500 582.1847
837.5000 582.1851
837.7500 582.1859
838.0000 582.1866
838.2500 582.1860
838.5000 582.1859
838.7500 582.1868
839.0000 582.1869
839.2500 582.1869
839.5000 582.1874
839.7500 582.1873
840.0000 582.1871
840.2500 582.1869
840.5000 582.1866
840.7500 582.1864
841.0000 582.1874
841.2500 582.1889
841.5000 582.1900
841.7500 582.1912
842.0000 582.1924
842.2500 582.1934
842.5000 582.1948
842.7500 582.1962
843.0000 582.1973
843.2500 582.1987
843.5000 582.1996
843.7500 582.2005
844.0000 582.2008
844.2500 582.1999
844.5000 582.2011
844.7500 582.2036
845.0000 582.2048
845.2500 582.2063
845.5000 582.2075
845.7500 582.2080
846.0000 582.2079
846.2500 582.2084
846.5000 582.2085
846.7500 582.2086
847.0000 582.2079
847.2500 582.2075
847.5000 582.2092
847.7500 582.2099
848.0000 582.2102
848.2500 582.2118
848.5000 582.2125
848.7500 582.2143
849.0000 582.2163
849.2500 582.2175
849.5000 582.2189
849.7500 582.2207
850.0000 582.2218
850.2500 582.2227
850.5000 582.2236
850.7500 582.2242
851.0000 582.2240
851.2500 582.2239
851.5000 582.2242
851.7500 582.2246
852.0000 582.2252
852.2500 582.2259
852.5000 582.2265
852.7500 582.2272
853.0000 582.2277
853.2500 582.2276
853.5000 582.2278
853.7500 582.2290
854.0000 582.2308
854.2500 582.2326
854.5000 582.2337
854.7500 582.2354
855.0000 582.2378
855.2500 582.2395
855.5000 582.2409
855.7500 582.2425
856.0000 582.2457
856.2500 582.2488
856.5000 582.2513
856.7500 582.2529
857.0000 582.2544
857.2500 582.2548
857.5000 582.2528
857.7500 582.2503
858.0000 582.2488
858.2500 582.2467
858.5000 582.2474
858.7500 582.2494
859.0000 582.2518
859.2500 582.2532
859.5000 582.2548
859.7500 582.2558
860.0000 582.2584
860.2500 582.2655
860.5000 582.2758
860.7500 582.2812
861.0000 582.2846
861.2500 582.2809
861.5000 582.2820
861.7500 582.2834
862.0000 582.2845
862.2500 582.2868
862.5000 582.2894
862.7500 582.2898
863.0000 582.2914
863.2500 582.2922
863.5000 582.2931
863.7500 582.2956
864.0000 582.2968
864.2500 582.2975
864.5000 582.2979
864.7500 582.2978
865.0000 582.2966
865.2500 582.2973
865.5000 582.2979
865.7500 582.2987
866.0000 582.2994
866.2500 582.3000
866.5000 582.3012
866.7500 582.3024
867.0000 582.3034
867.2500 582.3048
867.5000 582.3057
867.7500 582.3052
868.0000 582.3047
868.2500 582.3047
868.5000 582.3056
868.7500 582.3051
869.0000 582.3052
869.2500 582.3065
869.5000 582.3074
869.7500 582.3080
870.0000 582.3078
870.2500 582.3092
870.5000 582.3106
870.7500 582.3118
871.0000 582.3121
871.2500 582.3124
871.5000 582.3132
871.7500 582.3139
872.0000 582.3158
872.2500 582.3166
872.5000 582.3148
872.7500 582.3137
873.0000 582.3132
873.2500 582.3143
873.5000 582.3153
873.7500 582.3168
874.0000 582.3183
874.2500 582.3196
874.5000 582.3202
874.7500 582.3208
875.0000 582.3220
875.2500 582.3238
875.5000 582.3253
875.7500 582.3275
876.0000 582.3295
876.2500 582.3316
876.5000 582.3338
876.7500 582.3346
877.0000 582.3358
877.2500 582.3363
877.5000 582.3373
877.7500 582.3380
878.0000 582.3384
878.2500 582.3395
878.5000 582.3409
878.7500 582.3427
879.0000 582.3449
879.2500 582.3466
879.5000 582.3480
879.7500 582.3488
880.0000 582.3491
880.2500 582.3511
880.5000 582.3530
880.7500 582.3546
881.0000 582.3565
881.2500 582.3579
881.5000 582.3583
881.7500 582.3583
882.0000 582.3591
882.2500 582.3599
882.5000 582.3601
882.7500 582.3613
883.0000 582.3626
883.2500 582.3631
883.5000 582.3632
883.7500 582.3638
884.0000 582.3641
884.2500 582.3648
884.5000 582.3653
884.7500 582.3657
885.0000 582.3659
885.2500 582.3672
885.5000 582.3685
885.7500 582.3687
886.0000 582.3697
886.2500 582.3710
886.5000 582.3714
886.7500 582.3717
887.0000 582.3735
887.2500 582.3753
887.5000 582.3758
887.7500 582.3759
888.0000 582.3762
888.2500 582.3764
888.5000 582.3775
888.7500 582.3773
889.0000 582.3768
889.2500 582.3793
889.5000 582.3815
889.7500 582.3833
890.0000 582.3824
890.2500 582.3824
890.5000 582.3838
890.7500 582.3848
891.0000 582.3861
891.2500 582.3884
891.5000 582.3897
891.7500 582.3888
892.0000 582.3888
892.2500 582.3897
892.5000 582.3905
892.7500 582.3917
893.0000 582.3923
893.2500 582.3928
893.5000 582.3924
893.7500 582.3934
894.0000 582.3949
894.2500 582.3962
894.5000 582.3975
894.7500 582.3991
895.0000 582.4009
895.2500 582.4016
895.5000 582.4020
895.7500 582.4027
896.0000 582.4033
896.2500 582.4040
896.5000 582.4067
896.7500 582.4108
897.0000 582.4144
897.2500 582.4123
897.5000 582.4097
897.7500 582.4098
898.0000 582.4110
898.2500 582.4122
898.5000 582.4144
898.7500 582.4169
899.0000 582.4189
899.2500 582.4207
899.5000 582.4223
899.7500 582.4241
900.0000 582.4264
900.2500 582.4280
900.5000 582.4292
900.7500 582.4309
901.0000 582.4324
901.2500 582.4340
901.5000 582.4360
901.7500 582.4380
902.0000 582.4401
902.2500 582.4415
902.5000 582.4436
902.7500 582.4455
903.0000 582.4466
903.2500 582.4474
903.5000 582.4488
903.7500 582.4509
904.0000 582.4526
904.2500 582.4549
904.5000 582.4564
904.7500 582.4580
905.0000 582.4595
905.2500 582.4609
905.5000 582.4628
905.7500 582.4652
906.0000 582.4665
906.2500 582.4678
906.5000 582.4705
906.7500 582.4720
907.0000 582.4737
907.2500 582.4749
907.5000 582.4754
907.7500 582.4763
908.0000 582.4761
908.2500 582.4771
908.5000 582.4788
908.7500 582.4800
909.0000 582.4822
909.2500 582.4843
909.5000 582.4872
909.7500 582.4896
910.0000 582.4913
910.2500 582.4925
910.5000 582.4941
910.7500 582.4952
911.0000 582.4965
911.2500 582.4976
911.5000 582.4974
911.7500 582.4974
912.0000 582.4981
912.2500 582.4988
912.5000 582.4994
912.7500 582.5001
913.0000 582.5021
913.2500 582.5041
913.5000 582.5055
913.7500 582.5062
914.0000 582.5063
914.2500 582.5070
914.5000 582.5090
914.7500 582.5110
915.0000 582.5125
915.2500 582.5139
915.5000 582.5146
915.7500 582.5157
916.0000 582.5172
916.2500 582.5192
916.5000 582.5213
916.7500 582.5224
917.0000 582.5235
917.2500 582.5253
917.5000 582.5270
917.7500 582.5280
918.0000 582.5290
918.2500 582.5301
918.5000 582.5325
918.7500 582.5333
919.0000 582.5331
919.2500 582.5339
919.5000 582.5356
919.7500 582.5366
920.0000 582.5368
920.2500 582.5372
920.5000 582.5382
920.7500 582.5388
921.0000 582.5404
921.2500 582.5414
921.5000 582.5432
921.7500 582.5444
922.0000 582.5455
922.2500 582.5462
922.5000 582.5470
922.7500 582.5480
923.0000 582.5495
923.2500 582.5502
923.5000 582.5507
923.7500 582.5512
924.0000 582.5514
924.2500 582.5514
924.5000 582.5516
924.7500 582.5519
925.0000 582.5530
925.2500 582.5537
925.5000 582.5545
925.7500 582.5557
926.0000 582.5578
926.2500 582.5586
926.5000 582.5589
926.7500 582.5606
927.0000 582.5617
927.2500 582.5627
927.5000 582.5636
927.7500 582.5642
928.0000 582.5649
928.2500 582.5652
928.5000 582.5659
928.7500 582.5666
929.0000 582.5672
929.2500 582.5671
929.5000 582.5678
929.7500 582.5683
930.0000 582.5681
930.2500 582.5691
930.5000 582.5699
930.7500 582.5709
931.0000 582.5719
931.2500 582.5721
931.5000 582.5709
931.7500 582.5725
932.0000 582.5747
932.2500 582.5755
932.5000 582.5767
932.7500 582.5786
933.0000 582.5799
933.2500 582.5809
933.5000 582.5824
933.7500 582.5839
934.0000 582.5852
934.2500 582.5869
934.5000 582.5885
934.7500 582.5898
935.0000 582.5913
935.2500 582.5926
935.5000 582.5939
935.7500 582.5942
936.0000 582.5937
936.2500 582.5939
936.5000 582.5942
936.7500 582.5948
937.0000 582.5954
937.2500 582.5969
937.5000 582.5978
937.7500 582.5992
938.0000 582.6007
938.2500 582.6019
938.5000 582.6023
938.7500 582.6031
939.0000 582.6042
939.2500 582.6054
939.5000 582.6071
939.7500 582.6082
940.0000 582.6090
940.2500 582.6094
940.5000 582.6102
940.7500 582.6111
941.0000 582.6117
941.2500 582.6132
941.5000 582.6149
941.7500 582.6159
942.0000 582.6174
942.2500 582.6190
942.5000 582.6214
942.7500 582.6239
943.0000 582.6254
943.2500 582.6264
943.5000 582.6284
943.7500 582.6305
944.0000 582.6338
944.2500 582.6358
944.5000 582.6381
944.7500 582.6404
945.0000 582.6426
945.2500 582.6447
945.5000 582.6442
945.7500 582.6424
946.0000 582.6409
946.2500 582.6419
946.5000 582.6427
946.7500 582.6433
947.0000 582.6449
947.2500 582.6458
947.5000 582.6471
947.7500 582.6487
948.0000 582.6495
948.2500 582.6508
948.5000 582.6522
948.7500 582.6532
949.0000 582.6539
949.2500 582.6552
949.5000 582.6560
949.7500 582.6568
950.0000 582.6588
950.2500 582.6615
950.5000 582.6632
950.7500 582.6645
951.0000 582.6666
951.2500 582.6731
951.5000 582.6781
951.7500 582.6788
952.0000 582.6742
952.2500 582.6701
952.5000 582.6694
952.7500 582.6699
953.0000 582.6695
953.2500 582.6686
953.5000 582.6685
953.7500 582.6692
954.0000 582.6705
954.2500 582.6715
954.5000 582.6720
954.7500 582.6721
955.0000 582.6724
955.2500 582.6731
955.5000 582.6742
955.7500 582.6755
956.0000 582.6768
956.2500 582.6774
956.5000 582.6778
956.7500 582.6787
957.0000 582.6795
957.2500 582.6803
957.5000 582.6812
957.7500 582.6818
958.0000 582.6825
958.2500 582.6824
958.5000 582.6833
958.7500 582.6841
959.0000 582.6843
959.2500 582.6851
959.5000 582.6863
959.7500 582.6868
960.0000 582.6878
960.2500 582.6892
960.5000 582.6908
960.7500 582.6916
961.0000 582.6925
961.2500 582.6929
961.5000 582.6939
961.7500 582.6955
962.0000 582.6959
962.2500 582.6974
962.5000 582.6984
962.7500 582.6999
963.0000 582.7015
963.2500 582.7033
963.5000 582.7047
963.7500 582.7047
964.0000 582.7047
964.2500 582.7052
964.5000 582.7060
964.7500 582.7069
965.0000 582.7069
965.2500 582.7079
965.5000 582.7089
965.7500 582.7105
966.0000 582.7125
966.2500 582.7141
966.5000 582.7162
966.7500 582.7185
967.0000 582.7211
967.2500 582.7239
967.5000 582.7265
967.7500 582.7292
968.0000 582.7317
968.2500 582.7341
968.5000 582.7358
968.7500 582.7367
969.0000 582.7380
969.2500 582.7392
969.5000 582.7403
969.7500 582.7404
970.0000 582.7414
970.2500 582.7437
970.5000 582.7458
970.7500 582.7475
971.0000 582.7489
971.2500 582.7508
971.5000 582.7523
971.7500 582.7533
972.0000 582.7545
972.2500 582.7555
972.5000 582.7579
972.7500 582.7607
973.0000 582.7631
973.2500 582.7651
973.5000 582.7667
973.7500 582.7674
974.0000 582.7688
974.2500 582.7708
974.5000 582.7723
974.7500 582.7746
975.0000 582.7760
975.2500 582.7777
975.5000 582.7798
975.7500 582.7825
976.0000 582.7854
976.2500 582.7887
976.5000 582.7924
976.7500 582.7958
977.0000 582.7987
977.2500 582.8020
977.5000 582.8028
977.7500 582.8037
978.0000 582.8053
978.2500 582.8070
978.5000 582.8094
978.7500 582.8125
979.0000 582.8148
979.2500 582.8162
979.5000 582.8160
979.7500 582.8155
980.0000 582.8159
980.2500 582.8165
980.5000 582.8179
980.7500 582.8206
981.0000 582.8230
981.2500 582.8251
981.5000 582.8273
981.7500 582.8296
982.0000 582.8312
982.2500 582.8323
982.5000 582.8330
982.7500 582.8329
983.0000 582.8336
983.2500 582.8356
983.5000 582.8373
983.7500 582.8384
984.0000 582.8406
984.2500 582.8416
984.5000 582.8434
984.7500 582.8451
985.0000 582.8457
985.2500 582.8460
985.5000 582.8466
985.7500 582.8481
986.0000 582.8493
986.2500 582.8509
986.5000 582.8526
986.7500 582.8543
987.0000 582.8565
987.2500 582.8593
987.5000 582.8616
987.7500 582.8631
988.0000 582.8649
988.2500 582.8679
988.5000 582.8704
988.7500 582.8723
989.0000 582.8740
989.2500 582.8756
989.5000 582.8773
989.7500 582.8800
990.0000 582.8819
990.2500 582.8826
990.5000 582.8852
990.7500 582.8914
991.0000 582.9025
991.2500 582.9096
991.5000 582.9100
991.7500 582.9082
992.0000 582.9077
992.2500 582.9069
992.5000 582.9053
992.7500 582.9059
993.0000 582.9066
993.2500 582.9078
993.5000 582.9091
993.7500 582.9101
994.0000 582.9114
994.2500 582.9139
994.5000 582.9160
994.7500 582.9179
995.0000 582.9194
995.2500 582.9202
995.5000 582.9211
995.7500 582.9219
996.0000 582.9221
996.2500 582.9220
996.5000 582.9231
996.7500 582.9251
997.0000 582.9272
997.2500 582.9289
997.5000 582.9309
997.7500 582.9328
998.0000 582.9348
998.2500 582.9364
998.5000 582.9374
998.7500 582.9386
999.0000 582.9397
999.2500 582.9416
999.5000 582.9434
999.7500 582.9454
1000.0000 582.9474
1000.2500 582.9490
1000.5000 582.9504
1000.7500 582.9521
1001.0000 582.9541
1001.2500 582.9562
1001.5000 582.9580
1001.7500 582.9594
1002.0000 582.9606
1002.2500 582.9614
1002.5000 582.9625
1002.7500 582.9632
1003.0000 582.9638
1003.2500 582.9650
1003.5000 582.9668
1003.7500 582.9691
1004.0000 582.9711
1004.2500 582.9725
1004.5000 582.9725
1004.7500 582.9719
1005.0000 582.9714
1005.2500 582.9710
1005.5000 582.9709
1005.7500 582.9718
1006.0000 582.9732
1006.2500 582.9749
1006.5000 582.9772
1006.7500 582.9783
1007.0000 582.9784
1007.2500 582.9779
1007.5000 582.9767
1007.7500 582.9756
1008.0000 582.9756
1008.2500 582.9757
1008.5000 582.9771
1008.7500 582.9789
1009.0000 582.9792
1009.2500 582.9797
1009.5000 582.9810
1009.7500 582.9830
1010.0000 582.9866
1010.2500 582.9896
1010.5000 582.9920
1010.7500 582.9938
1011.0000 582.9955
1011.2500 582.9977
1011.5000 582.9991
1011.7500 583.0020
1012.0000 583.0048
1012.2500 583.0067
1012.5000 583.0080
1012.7500 583.0092
1013.0000 583.0097
1013.2500 583.0104
1013.5000 583.0114
1013.7500 583.0131
1014.0000 583.0137
1014.2500 583.0136
1014.5000 583.0155
1014.7500 583.0184
1015.0000 583.0189
1015.2500 583.0188
1015.5000 583.0188
1015.7500 583.0208
1016.0000 583.0220
1016.2500 583.0232
1016.5000 583.0250
1016.7500 583.0268
1017.0000 583.0289
1017.2500 583.0306
1017.5000 583.0323
1017.7500 583.0340
1018.0000 583.0351
1018.2500 583.0354
1018.5000 583.0363
1018.7500 583.0378
1019.0000 583.0388
1019.2500 583.0399
1019.5000 583.0406
1019.7500 583.0404
1020.0000 583.0404
1020.2500 583.0407
1020.5000 583.0414
1020.7500 583.0430
1021.0000 583.0646
1021.2500 583.0451
1021.5000 583.0463
1021.7500 583.0482
1022.0000 583.0498
